0.32902172207832336
0.38541311025619507
0.27952733635902405
0.5681955814361572
0.45111459493637085
0.4175523519515991
0.5119592547416687
0.4654732346534729
0.34605565667152405
0.37145355343818665
0.5190486311912537
0.5928577184677124
0.4242384433746338
0.31166988611221313
0.3652087450027466
0.43882423639297485
0.34866461157798767
0.37152978777885437
0.34457531571388245
0.3985705077648163
0.40241730213165283
0.5132124423980713
0.33217504620552063
0.393792062997818
0.3994598090648651
0.3960685133934021
0.33068418502807617
0.5625399947166443
0.42620137333869934
0.31233781576156616
0.33954572677612305
0.3979983329772949
0.3312423527240753
0.3592955768108368
0.42691466212272644
0.42782649397850037
0.42169079184532166
0.4147406816482544
0.43528109788894653
0.48964107036590576
0.3535110056400299
0.3902699649333954
0.27427178621292114
0.4331858158111572
0.2965327799320221
0.4529778063297272
0.3746657073497772
0.3886348009109497
0.4532710015773773
0.45708411931991577
0.43246394395828247
0.4847434163093567
0.5105789303779602
0.43205174803733826
0.46781691908836365
0.4081423878669739
0.5059974789619446
0.33772194385528564
0.5583429336547852
0.4735301434993744
0.41283395886421204
0.38087061047554016
0.6022990345954895
0.3714587390422821
0.39871546626091003
0.29599717259407043
0.45240214467048645
0.40922731161117554
0.3268516957759857
0.3186943531036377
0.5306893587112427
0.24534930288791656
0.2978757619857788
0.2744893729686737
0.37210768461227417
0.5161663293838501
0.40835848450660706
0.42293673753738403
0.46586737036705017
0.4323302209377289
0.4802842140197754
0.4735301434993744
0.5079443454742432
0.41109001636505127
0.4133720099925995
0.37536194920539856
0.34041205048561096
0.3486275374889374
0.32986751198768616
0.37304994463920593
0.3505563735961914
0.4934830665588379
0.45531126856803894
0.38943687081336975
0.34851667284965515
0.3319341838359833
0.5776964426040649
0.4005807042121887
0.3211423456668854
0.510302722454071
0.34897181391716003
0.39328354597091675
0.32832005620002747
0.340537965297699
0.3234521746635437
0.4047970175743103
0.39880380034446716
0.5867559313774109
0.4104120433330536
0.5015007853507996
0.33550184965133667
0.5052213668823242
0.3894747197628021
0.5438860058784485
0.5366083383560181
0.4780217409133911
0.6105025410652161
0.3647712469100952
0.5207906365394592
0.3771590292453766
0.3687991797924042
0.5124772787094116
0.52719646692276
0.30562782287597656
0.4165046215057373
0.35032734274864197
0.4290037453174591
0.46522051095962524
0.45969849824905396
0.34643492102622986
0.5654902458190918
0.34831222891807556
0.2790716886520386
0.32375672459602356
0.4013848304748535
0.3815268278121948
0.39714547991752625
0.3711661398410797
0.3452453017234802
0.5511609315872192
0.3335847556591034
0.3601425886154175
0.4590308666229248
0.5215460658073425
0.2883625626564026
0.39606747031211853
0.3205430209636688
0.5754286646842957
0.36712920665740967
0.32161271572113037
0.5544347763061523
0.5536320209503174
0.37436121702194214
0.48391303420066833
0.5178332924842834
0.5018109679222107
0.4649984836578369
0.30803382396698
0.572207510471344
0.40517592430114746
0.36577701568603516
0.3168078362941742
0.2872360944747925
0.400032639503479
0.38812288641929626
0.5934168100357056
0.40123724937438965
0.5344269871711731
0.5310748219490051
0.3763107359409332
0.4476407766342163
0.32806211709976196
0.3903989791870117
0.4267207682132721
0.4743424355983734
0.5236670970916748
0.41578376293182373
0.5037913918495178
0.35978963971138
0.3960021436214447
0.54281085729599
0.4255731999874115
0.5129395723342896
0.3738827407360077
0.5159328579902649
0.3608352541923523
0.48289328813552856
0.4553866386413574
0.5649152398109436
0.32528212666511536
0.3813929259777069
0.4725951850414276
0.5302181243896484
0.3777046203613281
0.4432011544704437
0.3295750319957733
0.34420281648635864
0.30961474776268005
0.4752298891544342
0.41550031304359436
0.3522319197654724
0.3873351514339447
0.3515675663948059
0.4266952872276306
0.35728803277015686
0.336176335811615
0.5653085708618164
0.3548766076564789
0.4760814309120178
0.35802721977233887
0.540723979473114
0.4189932346343994
0.36761534214019775
0.43640440702438354
0.3222856819629669
0.2892667055130005
0.427372545003891
0.3588794469833374
0.35555675625801086
0.4111551344394684
0.4386650621891022
0.31489861011505127
0.4798963963985443
0.430339515209198
0.5400403141975403
0.4183444380760193
0.6455315947532654
0.32041439414024353
0.5264307260513306
0.30968645215034485
0.5417035222053528
0.47721967101097107
0.3517652451992035
0.5384762287139893
0.3706913888454437
0.29001909494400024
0.38710522651672363
0.3563339412212372
0.5116404294967651
0.32859745621681213
0.39448586106300354
0.36891502141952515
0.4900909662246704
0.32240915298461914
0.34830349683761597
0.6045288443565369
0.5191836953163147
0.39002862572669983
0.5829989314079285
0.278195858001709
0.4392288625240326
0.5072149038314819
0.4171365797519684
0.4466075301170349
0.42983266711235046
0.3837735950946808
0.4859839379787445
0.4644424319267273
0.4165479838848114
0.4119638502597809
0.5281943678855896
0.4481312930583954
0.39312297105789185
0.3585090935230255
0.40270406007766724
0.5664272904396057
0.35695695877075195
0.5006940960884094
0.41028890013694763
0.3562794327735901
0.3387400805950165
0.3614746928215027
0.5612643957138062
0.5237515568733215
0.34500834345817566
0.35716351866722107
0.3918180465698242
0.4976688325405121
0.3524055480957031
0.43168386816978455
0.4095956087112427
0.3468354046344757
0.40885108709335327
0.5847924947738647
0.3564892113208771
0.49798116087913513
0.3351789116859436
0.3609205186367035
0.4484165906906128
0.39052775502204895
0.3747016489505768
0.3300730288028717
0.53571617603302
0.2714647352695465
0.5200802087783813
0.388491690158844
0.3833274841308594
0.2976859211921692
0.4417712390422821
0.39824312925338745
0.35984209179878235
0.4266784191131592
0.40038272738456726
0.6186155676841736
0.5238378643989563
0.38197222352027893
0.5132124423980713
0.3421300947666168
0.3713955879211426
0.5276534557342529
0.35062628984451294
0.5307007431983948
0.4571385383605957
0.3410443365573883
0.6090898513793945
0.3291953206062317
0.36108213663101196
0.5130027532577515
0.3246166706085205
0.47706344723701477
0.36380693316459656
0.44483503699302673
0.39737480878829956
0.34763774275779724
0.34768494963645935
0.3773181140422821
0.5484645962715149
0.37002405524253845
0.3596647083759308
0.41201117634773254
0.4879278838634491
0.43653690814971924
0.3518877625465393
0.4534890651702881
0.5307926535606384
0.3279174268245697
0.4050087034702301
0.37818005681037903
0.41320034861564636
0.33811041712760925
0.41622525453567505
0.4755370616912842
0.5371257066726685
0.4406258761882782
0.34506556391716003
0.3884945511817932
0.42503082752227783
0.3739367723464966
0.36825138330459595
0.4667368233203888
0.5296825170516968
0.34024569392204285
0.33619341254234314
0.48123985528945923
0.32123956084251404
0.27687060832977295
0.4649609625339508
0.49840450286865234
0.4649609625339508
0.5166112184524536
0.5660727620124817
0.3406721353530884
0.48636743426322937
0.3816130459308624
0.40833908319473267
0.4398942291736603
0.41723209619522095
0.32010307908058167
0.5301808714866638
0.37414613366127014
0.4203552007675171
0.49152740836143494
0.47000885009765625
0.369822233915329
0.4451424479484558
0.49448323249816895
0.4085334837436676
0.5799590349197388
0.5464954376220703
0.36958980560302734
0.5725477933883667
0.4501573145389557
0.42234939336776733
0.5124772787094116
0.5716578364372253
0.31557202339172363
0.5861666798591614
0.42001134157180786
0.5210343599319458
0.4480620324611664
0.5339945554733276
0.3483143448829651
0.3694574236869812
0.421492338180542
0.5031065344810486
0.3815782964229584
0.35517409443855286
0.3962230682373047
0.42700669169425964
0.31876733899116516
0.36378517746925354
0.5761175155639648
0.3826093375682831
0.2897283732891083
0.3679092526435852
0.5298667550086975
0.35353460907936096
0.5124772787094116
0.5754286646842957
0.4422617554664612
0.3955119848251343
0.5669496655464172
0.4712982773780823
0.36961111426353455
0.5108423233032227
0.5424245595932007
0.3639180064201355
0.32883286476135254
0.42547497153282166
0.5536760091781616
0.42758598923683167
0.3482130467891693
0.5132124423980713
0.43472811579704285
0.42204976081848145
0.2997179627418518
0.5403531193733215
0.3653223216533661
0.2775810658931732
0.3413339853286743
0.43291088938713074
0.5434511303901672
0.46775585412979126
0.3883460462093353
0.4308263063430786
0.5064772367477417
0.5309762358665466
0.3177277743816376
0.44937148690223694
0.5357103943824768
0.5800719857215881
0.312212735414505
0.31518831849098206
0.3656401038169861
0.5625753998756409
0.4570276141166687
0.30512651801109314
0.3976060152053833
0.48113876581192017
0.2989314794540405
0.3552091717720032
0.3834340572357178
0.33123138546943665
0.5265175104141235
0.3976704776287079
0.380489319562912
0.46924832463264465
0.542500376701355
0.42849966883659363
0.3309341073036194
0.3106040060520172
0.3531496822834015
0.584847629070282
0.48393160104751587
0.49917304515838623
0.39713239669799805
0.37853726744651794
0.3539526164531708
0.4766334891319275
0.35394564270973206
0.5019305348396301
0.34300926327705383
0.3769826591014862
0.3285002112388611
0.4712139070034027
0.3597327470779419
0.38734012842178345
0.5084161758422852
0.37772777676582336
0.6366215348243713
0.2909546494483948
0.4804469645023346
0.5506121516227722
0.5101290941238403
0.38394486904144287
0.38537004590034485
0.3022735118865967
0.3536869287490845
0.5477506518363953
0.38090983033180237
0.37125149369239807
0.5803412199020386
0.41686058044433594
0.5037516951560974
0.5341742634773254
0.30098262429237366
0.34623977541923523
0.47148218750953674
0.3095932602882385
0.30553874373435974
0.5294960141181946
0.404448002576828
0.35840946435928345
0.3262367248535156
0.6311699151992798
0.31384170055389404
0.435598224401474
0.41740986704826355
0.41420778632164
0.37113258242607117
0.3513886630535126
0.38058242201805115
0.45472273230552673
0.40336403250694275
0.4172605872154236
0.33321279287338257
0.34835729002952576
0.5758848786354065
0.5397226214408875
0.48898592591285706
0.2920827865600586
0.45218130946159363
0.3252773880958557
0.4496866464614868
0.3736976683139801
0.4235760271549225
0.3642497658729553
0.6003460884094238
0.4420528709888458
0.3667497932910919
0.315182089805603
0.265075147151947
0.35749340057373047
0.3214785158634186
0.3313518464565277
0.351330429315567
0.3230344355106354
0.49873316287994385
0.36489954590797424
0.306688129901886
0.5001705288887024
0.4889722764492035
0.5678108334541321
0.2994562089443207
0.2964934706687927
0.6050158143043518
0.47852903604507446
0.4122384190559387
0.3537394106388092
0.39353251457214355
0.40139099955558777
0.3388236463069916
0.30814996361732483
0.5063262581825256
0.5244719982147217
0.5866271257400513
0.5778197646141052
0.48102492094039917
0.4007665514945984
0.36832356452941895
0.5787151455879211
0.49120789766311646
0.4326138496398926
0.42897799611091614
0.3596327602863312
0.35986456274986267
0.5538111925125122
0.37894028425216675
0.3279811441898346
0.4766334891319275
0.5625851154327393
0.36360830068588257
0.5702382326126099
0.435293585062027
0.3906039595603943
0.29399892687797546
0.33005741238594055
0.3094008266925812
0.3723466098308563
0.2942411005496979
0.2957710027694702
0.39452123641967773
0.37159621715545654
0.36758819222450256
0.2952655553817749
0.3648103177547455
0.37418755888938904
0.42370226979255676
0.45539066195487976
0.33931973576545715
0.3743318021297455
0.3055715262889862
0.3552832305431366
0.25525185465812683
0.5009646415710449
0.3361623287200928
0.42816054821014404
0.3828316032886505
0.3169960081577301
0.39158397912979126
0.34673750400543213
0.43786463141441345
0.41082218289375305
0.4064389169216156
0.3874654173851013
0.36018437147140503
0.5414943099021912
0.4303862750530243
0.6097365617752075
0.3797602355480194
0.38212844729423523
0.36011987924575806
0.36368757486343384
0.530963659286499
0.4512394368648529
0.45380571484565735
0.31478992104530334
0.5236719846725464
0.5432201623916626
0.3864673674106598
0.36904576420783997
0.3597619831562042
0.38130149245262146
0.48532766103744507
0.4077264368534088
0.46732980012893677
0.3574671149253845
0.47149398922920227
0.2855205535888672
0.4087928533554077
0.3757346272468567
0.42877355217933655
0.5052313804626465
0.4735701084136963
0.38119152188301086
0.39002081751823425
0.4797670245170593
0.4262430667877197
0.48180580139160156
0.3754135072231293
0.3878929615020752
0.4011915922164917
0.5577598810195923
0.36063873767852783
0.40358173847198486
0.49271249771118164
0.3786151707172394
0.32499319314956665
0.3797149360179901
0.5865142345428467
0.566959023475647
0.5647237300872803
0.44491103291511536
0.37175169587135315
0.3845117688179016
0.5682675242424011
0.3948031961917877
0.4910951852798462
0.44217193126678467
0.42421767115592957
0.49338099360466003
0.4303862750530243
0.5397226214408875
0.30459004640579224
0.4990541338920593
0.45511898398399353
0.3567420542240143
0.4167102575302124
0.5132124423980713
0.3481804430484772
0.37070193886756897
0.39219269156455994
0.4921600818634033
0.39119723439216614
0.43699362874031067
0.5223148465156555
0.382407009601593
0.4470408856868744
0.4749312102794647
0.3150375187397003
0.3847780227661133
0.48352646827697754
0.5196667313575745
0.33677753806114197
0.40631136298179626
0.33970069885253906
0.4828641712665558
0.5079401135444641
0.4138069748878479
0.36489129066467285
0.383811891078949
0.4309745728969574
0.3346919119358063
0.3785741329193115
0.4594075679779053
0.438885897397995
0.4412096440792084
0.37528178095817566
0.36115849018096924
0.30650585889816284
0.35250189900398254
0.3723610043525696
0.3635185658931732
0.5625753998756409
0.37427496910095215
0.39783960580825806
0.4578934907913208
0.4844699501991272
0.3618207275867462
0.48097172379493713
0.36537522077560425
0.3746485710144043
0.43690937757492065
0.43351075053215027
0.468517929315567
0.4871561527252197
0.38029715418815613
0.5488593578338623
0.3074677288532257
0.49448323249816895
0.3780384063720703
0.4305107593536377
0.3282608389854431
0.5403838753700256
0.3753563165664673
0.3275047540664673
0.5456656813621521
0.38475170731544495
0.4266357123851776
0.5117467045783997
0.30784058570861816
0.26803818345069885
0.5132124423980713
0.5179579257965088
0.4235495924949646
0.44548913836479187
0.40372613072395325
0.3410082757472992
0.28201404213905334
0.3622431457042694
0.5330371260643005
0.36275893449783325
0.3443755805492401
0.411166250705719
0.45199450850486755
0.5016206502914429
0.5361928939819336
0.3644537925720215
0.39362841844558716
0.42679229378700256
0.43987345695495605
0.32675954699516296
0.5489208102226257
0.44304823875427246
0.42537614703178406
0.4448709487915039
0.3293372690677643
0.3504384756088257
0.38145482540130615
0.43411681056022644
0.5132124423980713
0.4102179706096649
0.4076140224933624
0.33433642983436584
0.35428714752197266
0.3334955871105194
0.439071387052536
0.38673993945121765
0.38894781470298767
0.38295677304267883
0.38698574900627136
0.36287862062454224
0.3314184546470642
0.6078792810440063
0.5453335642814636
0.4279588460922241
0.31668221950531006
0.4657566249370575
0.38552534580230713
0.4250999391078949
0.35431575775146484
0.40678244829177856
0.5224592089653015
0.37223538756370544
0.3443923890590668
0.3421166241168976
0.5103158950805664
0.361848920583725
0.37759190797805786
0.3081302046775818
0.3920057415962219
0.5715627670288086
0.35193508863449097
0.41328081488609314
0.3314310312271118
0.4158424735069275
0.3726365566253662
0.37569132447242737
0.4267403781414032
0.36991074681282043
0.3969097137451172
0.33541935682296753
0.32077038288116455
0.3044496476650238
0.4301719665527344
0.37711670994758606
0.3006606996059418
0.3916957974433899
0.3567327558994293
0.3629325032234192
0.3648669421672821
0.5799034833908081
0.4574390649795532
0.38843676447868347
0.5233108997344971
0.45465412735939026
0.2756631076335907
0.34851667284965515
0.464808851480484
0.3770478069782257
0.33935868740081787
0.37166765332221985
0.37130796909332275
0.3997879922389984
0.5812662243843079
0.3884263038635254
0.36042943596839905
0.3675280213356018
0.6250853538513184
0.45488181710243225
0.4876115322113037
0.46352991461753845
0.3809368908405304
0.4545306861400604
0.3720473051071167
0.44805148243904114
0.4670063853263855
0.4452100396156311
0.3533508777618408
0.417339563369751
0.5959165692329407
0.4246339499950409
0.39076873660087585
0.413432240486145
0.5269944071769714
0.5126866102218628
0.4276404082775116
0.4949023425579071
0.3622230589389801
0.32679101824760437
0.3615911900997162
0.3435630798339844
0.32824695110321045
0.5388854742050171
0.32300353050231934
0.319990873336792
0.4319496154785156
0.4116054177284241
0.43423861265182495
0.3157905042171478
0.4385456442832947
0.43998345732688904
0.49053654074668884
0.34140580892562866
0.3731105923652649
0.37149155139923096
0.3433598577976227
0.3699360191822052
0.4947485625743866
0.5363609194755554
0.5797879099845886
0.4397214949131012
0.5463597178459167
0.4040021300315857
0.3947015404701233
0.3703420162200928
0.5979180932044983
0.3841809630393982
0.3860796093940735
0.42228710651397705
0.29367753863334656
0.3071540594100952
0.3671494424343109
0.45514950156211853
0.561211109161377
0.4873685836791992
0.6376462578773499
0.4067862629890442
0.4349447786808014
0.455392062664032
0.31729286909103394
0.4165246784687042
0.28129667043685913
0.6184208393096924
0.41909727454185486
0.3658597469329834
0.3568715453147888
0.4429088532924652
0.36362940073013306
0.5666617751121521
0.5980370044708252
0.4863801896572113
0.4112209379673004
0.5200743675231934
0.5050618052482605
0.44116953015327454
0.38668256998062134
0.5168445110321045
0.46618935465812683
0.5110437273979187
0.36568090319633484
0.4458855390548706
0.3223995268344879
0.41686561703681946
0.5323859453201294
0.5397226214408875
0.339980810880661
0.4926753342151642
0.35046619176864624
0.3653154969215393
0.3137539327144623
0.35561513900756836
0.3446641266345978
0.472850501537323
0.46320250630378723
0.41676270961761475
0.3969097137451172
0.619262158870697
0.300198495388031
0.5359044671058655
0.3786044120788574
0.35672301054000854
0.522743284702301
0.40766090154647827
0.34723547101020813
0.3256814479827881
0.5094799995422363
0.5258578062057495
0.3041667938232422
0.4176105558872223
0.38012897968292236
0.3596869111061096
0.32791242003440857
0.343858927488327
0.37670689821243286
0.46945106983184814
0.6004692912101746
0.45002374053001404
0.36126434803009033
0.30730772018432617
0.5173275470733643
0.3823515772819519
0.36702945828437805
0.5297991037368774
0.4081159234046936
0.3498736023902893
0.3635331392288208
0.3733207881450653
0.45621803402900696
0.327884703874588
0.2912503480911255
0.35936450958251953
0.3677526116371155
0.3924790322780609
0.47786733508110046
0.36110246181488037
0.450920969247818
0.3665505051612854
0.35051068663597107
0.34689459204673767
0.3552455008029938
0.34569674730300903
0.30214786529541016
0.41646286845207214
0.34880828857421875
0.40925171971321106
0.3637687861919403
0.508167028427124
0.4164160192012787
0.48351776599884033
0.5215433239936829
0.3701123297214508
0.4379703402519226
0.4728725552558899
0.36641207337379456
0.33431577682495117
0.5168945789337158
0.4016672372817993
0.37628841400146484
0.44178974628448486
0.4047994911670685
0.39896783232688904
0.2840425670146942
0.5129548907279968
0.47865113615989685
0.5135356187820435
0.34466174244880676
0.46659842133522034
0.33304914832115173
0.3875056803226471
0.37632349133491516
0.34359070658683777
0.5141536593437195
0.3840719163417816
0.5974854230880737
0.3713259994983673
0.44639235734939575
0.3314422369003296
0.35985124111175537
0.4723767638206482
0.33653828501701355
0.3899488151073456
0.4107518494129181
0.4014475643634796
0.38716262578964233
0.39117494225502014
0.5089254975318909
0.5080649256706238
0.45900923013687134
0.3708173334598541
0.3863644003868103
0.39876052737236023
0.39205625653266907
0.2787461280822754
0.306316077709198
0.34983351826667786
0.38428571820259094
0.35367047786712646
0.2976400852203369
0.42953410744667053
0.32477977871894836
0.5223987698554993
0.31792089343070984
0.35918208956718445
0.43518903851509094
0.379875510931015
0.4345632791519165
0.5583429336547852
0.39411693811416626
0.3585691750049591
0.49943381547927856
0.4123569130897522
0.38525670766830444
0.5433536767959595
0.5187909603118896
0.41931095719337463
0.5116772055625916
0.3512127995491028
0.454697847366333
0.43246394395828247
0.41002771258354187
0.4649984836578369
0.4371297359466553
0.5096570253372192
0.5317277312278748
0.309431791305542
0.33556684851646423
0.3133411407470703
0.36359530687332153
0.44050535559654236
0.5235649347305298
0.5186617374420166
0.5280436873435974
0.47233501076698303
0.45372000336647034
0.4307248592376709
0.3686550259590149
0.41253218054771423
0.3923821747303009
0.5614832639694214
0.3893277049064636
0.35202422738075256
0.3690832555294037
0.39994150400161743
0.4091600179672241
0.3154701292514801
0.5255817174911499
0.3857131898403168
0.39209112524986267
0.34975093603134155
0.6470135450363159
0.4958049952983856
0.40147438645362854
0.3799930512905121
0.3700275421142578
0.37221020460128784
0.3944700360298157
0.4868157207965851
0.5603110790252686
0.4055381417274475
0.5006940960884094
0.3725864291191101
0.542409360408783
0.39600706100463867
0.5377324819564819
0.4752873480319977
0.37892889976501465
0.5044174790382385
0.3212308883666992
0.30086749792099
0.3996470272541046
0.36274147033691406
0.4066753089427948
0.3783054053783417
0.3285616338253021
0.4697570204734802
0.3917697072029114
0.511799693107605
0.4008023738861084
0.37545982003211975
0.5665080547332764
0.3410358130931854
0.31823575496673584
0.3323213458061218
0.3267670273780823
0.3120022714138031
0.46906769275665283
0.38484451174736023
0.3692983090877533
0.3728107511997223
0.3168179988861084
0.4815813899040222
0.5029633045196533
0.4523008465766907
0.5132124423980713
0.38341817259788513
0.5132124423980713
0.31481537222862244
0.3383970260620117
0.5888134241104126
0.49634629487991333
0.5111680626869202
0.3674442768096924
0.3570604920387268
0.3971050977706909
0.43647629022598267
0.3481694161891937
0.42494314908981323
0.35732486844062805
0.36628538370132446
0.41244834661483765
0.42425668239593506
0.3254299759864807
0.3886539340019226
0.36668774485588074
0.3242476284503937
0.40031716227531433
0.3195904791355133
0.452890008687973
0.5314422249794006
0.31589940190315247
0.3380337059497833
0.3610447347164154
0.5224862098693848
0.45317739248275757
0.6426045298576355
0.48472103476524353
0.3729878067970276
0.4338536560535431
0.40129944682121277
0.41305580735206604
0.3149465024471283
0.35074612498283386
0.5977497100830078
0.3666422963142395
0.36999648809432983
0.3831647038459778
0.40526583790779114
0.4282999634742737
0.4410820007324219
0.3179208040237427
0.48894593119621277
0.3001570701599121
0.49008697271347046
0.44635677337646484
0.28992190957069397
0.4816710650920868
0.43097123503685
0.43042007088661194
0.35277169942855835
0.5667806267738342
0.5616530179977417
0.4092390537261963
0.31548094749450684
0.4158422648906708
0.36801204085350037
0.3416110575199127
0.3102763295173645
0.4619220495223999
0.4318298399448395
0.3875574469566345
0.2686024606227875
0.36948496103286743
0.31534790992736816
0.3606240153312683
0.3256312906742096
0.4171923100948334
0.3441089987754822
0.36419478058815
0.471346378326416
0.36655208468437195
0.4109116196632385
0.38360923528671265
0.534850537776947
0.3788330554962158
0.371913343667984
0.46035200357437134
0.3458811342716217
0.5668378472328186
0.4687454104423523
0.38405105471611023
0.35969096422195435
0.3848428726196289
0.382180392742157
0.39272817969322205
0.27533960342407227
0.3276219367980957
0.5667806267738342
0.41118767857551575
0.32821330428123474
0.31219369173049927
0.3676927983760834
0.528648316860199
0.39979663491249084
0.340842068195343
0.40430545806884766
0.3526499569416046
0.6096645593643188
0.37599459290504456
0.3293461799621582
0.44414976239204407
0.3703090250492096
0.43472450971603394
0.370321661233902
0.4009750783443451
0.26129335165023804
0.44297921657562256
0.3979148864746094
0.3682028353214264
0.4134419858455658
0.39304473996162415
0.32894179224967957
0.3168593943119049
0.4184100329875946
0.48654261231422424
0.47896111011505127
0.48568639159202576
0.41145673394203186
0.4886825680732727
0.2972966730594635
0.35515666007995605
0.3596521019935608
0.3334306478500366
0.5010678172111511
0.4370911419391632
0.374336302280426
0.38261330127716064
0.5193324685096741
0.44950783252716064
0.3589577376842499
0.4126214385032654
0.5287213921546936
0.30105575919151306
0.3890896737575531
0.35736992955207825
0.3004494309425354
0.3641575872898102
0.3938518166542053
0.2771403193473816
0.35467854142189026
0.3489122986793518
0.41899070143699646
0.40029022097587585
0.40236929059028625
0.3870629668235779
0.39562973380088806
0.3196614384651184
0.37906414270401
0.5152661204338074
0.45780807733535767
0.35273662209510803
0.28074923157691956
0.43948790431022644
0.324808806180954
0.6186777949333191
0.5456318855285645
0.39519670605659485
0.3085249364376068
0.3695903718471527
0.44514980912208557
0.35354870557785034
0.3775879144668579
0.5430318117141724
0.5093443989753723
0.5583429336547852
0.5010879039764404
0.3164350390434265
0.4219627380371094
0.4315840005874634
0.3462289273738861
0.4158790707588196
0.454280287027359
0.5132124423980713
0.35939380526542664
0.3564991056919098
0.42220836877822876
0.5186574459075928
0.41803646087646484
0.324201375246048
0.431669682264328
0.32766687870025635
0.3399522006511688
0.35630500316619873
0.4023917317390442
0.5282735228538513
0.4649984836578369
0.4153793752193451
0.4303862750530243
0.3523162305355072
0.3357449769973755
0.39916566014289856
0.3995320796966553
0.3678841292858124
0.45199185609817505
0.4828435778617859
0.34641146659851074
0.3899304270744324
0.41645947098731995
0.39650648832321167
0.4138740003108978
0.2954334318637848
0.3768173158168793
0.36235442757606506
0.4399222135543823
0.4808539152145386
0.31970247626304626
0.39898881316185
0.5388013124465942
0.38223958015441895
0.6059584021568298
0.4803085923194885
0.5210248827934265
0.34659790992736816
0.41162553429603577
0.507007360458374
0.5589580535888672
0.34975582361221313
0.5486732125282288
0.4069710969924927
0.38916468620300293
0.45454078912734985
0.2710059881210327
0.32077550888061523
0.562157392501831
0.4401315748691559
0.5434528589248657
0.4532947242259979
0.5911959409713745
0.33691948652267456
0.4179884195327759
0.37219512462615967
0.6233164072036743
0.5231735110282898
0.5512630343437195
0.6169152855873108
0.36369144916534424
0.39511802792549133
0.5729509592056274
0.2803420126438141
0.4159943163394928
0.4178072512149811
0.3646818697452545
0.2755979597568512
0.5331021547317505
0.37012290954589844
0.28050532937049866
0.34333762526512146
0.388905793428421
0.4096076488494873
0.3380085229873657
0.542425811290741
0.45970621705055237
0.33547964692115784
0.45958369970321655
0.37601742148399353
0.35170871019363403
0.35441669821739197
0.36793583631515503
0.299509197473526
0.3987928628921509
0.3561490476131439
0.5754250288009644
0.42197126150131226
0.4926011264324188
0.5409892797470093
0.3277518153190613
0.37808921933174133
0.4155908524990082
0.3333427608013153
0.3741772174835205
0.4134409427642822
0.36733728647232056
0.3236061632633209
0.37758904695510864
0.2726779282093048
0.3039701581001282
0.4377078711986542
0.3659978210926056
0.41577160358428955
0.32040342688560486
0.3724193274974823
0.3243616819381714
0.3391709625720978
0.45190247893333435
0.3596455156803131
0.4665713608264923
0.2672143876552582
0.3372703194618225
0.3253694772720337
0.5052931308746338
0.379587322473526
0.4807569682598114
0.4533815383911133
0.3882731795310974
0.4700368642807007
0.5485076308250427
0.42391136288642883
0.3127664625644684
0.2992904484272003
0.36552247405052185
0.3956182301044464
0.37434104084968567
0.4481077790260315
0.4172568917274475
0.3710501492023468
0.3822661340236664
0.4992920160293579
0.42070692777633667
0.5058132410049438
0.45597606897354126
0.4736981689929962
0.3587562143802643
0.3788727819919586
0.3554801642894745
0.34984394907951355
0.41782334446907043
0.43185171484947205
0.3802388906478882
0.5186884999275208
0.5126811265945435
0.39971673488616943
0.46185600757598877
0.35850754380226135
0.5068082809448242
0.3993320167064667
0.401677668094635
0.3750930726528168
0.4894847273826599
0.44173306226730347
0.5124562382698059
0.3770528733730316
0.41119393706321716
0.35275986790657043
0.6061194539070129
0.37290528416633606
0.4992792308330536
0.44967225193977356
0.3416312634944916
0.4914707541465759
0.36096498370170593
0.387543648481369
0.5580021142959595
0.44226714968681335
0.37608808279037476
0.4114234447479248
0.4341154992580414
0.4681980013847351
0.5905089974403381
0.6167793869972229
0.5596448183059692
0.5682008862495422
0.32522180676460266
0.5421652793884277
0.4688350558280945
0.443377822637558
0.598153829574585
0.45068106055259705
0.4575890600681305
0.4410603940486908
0.6229134202003479
0.41761139035224915
0.35730230808258057
0.4195674955844879
0.35006430745124817
0.4002130329608917
0.4547439515590668
0.2963796854019165
0.43837007880210876
0.35320496559143066
0.4431952238082886
0.4872128367424011
0.41649338603019714
0.3761468827724457
0.3765205442905426
0.5359130501747131
0.4076339304447174
0.335907906293869
0.4104901850223541
0.4165246784687042
0.36312136054039
0.5590447187423706
0.4050366282463074
0.4737999141216278
0.4006631672382355
0.43068379163742065
0.4754803478717804
0.4489964246749878
0.44169944524765015
0.5558173060417175
0.4629039168357849
0.485594779253006
0.6417497992515564
0.3882100284099579
0.488254576921463
0.4729612469673157
0.52253657579422
0.420629620552063
0.34384414553642273
0.43577471375465393
0.5136175751686096
0.41924193501472473
0.3927474617958069
0.3767314553260803
0.5793278217315674
0.35721656680107117
0.5084895491600037
0.4165246784687042
0.3737986385822296
0.4914540648460388
0.35071155428886414
0.4627003073692322
0.3914521038532257
0.36978909373283386
0.4144681394100189
0.4011439085006714
0.34004077315330505
0.454050213098526
0.3660423159599304
0.41941794753074646
0.4302815794944763
0.3663563132286072
0.34104233980178833
0.3858051300048828
0.49366211891174316
0.4674730896949768
0.4823341369628906
0.34104254841804504
0.4913213551044464
0.49118560552597046
0.3832450807094574
0.40124282240867615
0.3724026381969452
0.38228675723075867
0.4089043140411377
0.46147218346595764
0.37991100549697876
0.45359838008880615
0.3160553574562073
0.39043042063713074
0.36346563696861267
0.33526065945625305
0.3382948338985443
0.33421847224235535
0.31561562418937683
0.43078017234802246
0.40415844321250916
0.45102354884147644
0.3965938985347748
0.35278376936912537
0.387543648481369
0.452663779258728
0.3778437077999115
0.5193012356758118
0.4341702163219452
0.4810510575771332
0.4003174602985382
0.2856520116329193
0.4207209050655365
0.5148612856864929
0.37982243299484253
0.5407409071922302
0.49905815720558167
0.35711413621902466
0.46279340982437134
0.608074963092804
0.429447740316391
0.5335114002227783
0.4814744293689728
0.4971775710582733
0.49828359484672546
0.5432358980178833
0.3562213182449341
0.32701632380485535
0.43597516417503357
0.5607721209526062
0.44445866346359253
0.39906150102615356
0.3021460771560669
0.4309694468975067
0.519597589969635
0.3785454034805298
0.402511328458786
0.2620398998260498
0.39664438366889954
0.39005541801452637
0.3367350995540619
0.3992108404636383
0.3694106638431549
0.5324210524559021
0.5484492182731628
0.515129804611206
0.47476160526275635
0.4060279130935669
0.519036054611206
0.3259795308113098
0.3991413116455078
0.3373299539089203
0.5467419624328613
0.3942810893058777
0.37697580456733704
0.36279720067977905
0.512398898601532
0.30822139978408813
0.3680533766746521
0.4954404830932617
0.39705994725227356
0.39220866560935974
0.41312965750694275
0.32031333446502686
0.5950291752815247
0.32146504521369934
0.5357494950294495
0.4115374982357025
0.48974233865737915
0.4067796766757965
0.40698593854904175
0.3360411822795868
0.4629534184932709
0.47271621227264404
0.35011056065559387
0.3717208504676819
0.34897446632385254
0.4656221568584442
0.39603811502456665
0.3833429217338562
0.39990803599357605
0.3983108401298523
0.4100129008293152
0.43421971797943115
0.40939393639564514
0.36182326078414917
0.3962799906730652
0.4372343122959137
0.43376216292381287
0.3754377067089081
0.32439160346984863
0.44886961579322815
0.4546332359313965
0.386183500289917
0.4754326641559601
0.4073629081249237
0.3273870050907135
0.3843174874782562
0.41675063967704773
0.3410530686378479
0.374614953994751
0.6466419696807861
0.4350820481777191
0.3762561082839966
0.6314163208007812
0.3646681606769562
0.41509366035461426
0.40628647804260254
0.2909604609012604
0.6004894971847534
0.4143184423446655
0.5605770349502563
0.4127935767173767
0.46129149198532104
0.46856391429901123
0.5421652793884277
0.5075101256370544
0.4057199954986572
0.3985292315483093
0.44188904762268066
0.3636135756969452
0.5593148469924927
0.5502474904060364
0.409720242023468
0.4315556287765503
0.5243059396743774
0.43315812945365906
0.413845032453537
0.3785835802555084
0.32266703248023987
0.3874669075012207
0.2992989420890808
0.5212791562080383
0.42657485604286194
0.48313024640083313
0.5059150457382202
0.40077874064445496
0.4067643880844116
0.396930992603302
0.3475111722946167
0.40268194675445557
0.3077628016471863
0.39704036712646484
0.4774515926837921
0.34416836500167847
0.34328600764274597
0.33824533224105835
0.3312793970108032
0.42484980821609497
0.5460367798805237
0.34603244066238403
0.3715868294239044
0.32491186261177063
0.5102257132530212
0.3765242099761963
0.3707069456577301
0.42709779739379883
0.3521689176559448
0.35783231258392334
0.36279597878456116
0.39473235607147217
0.35228922963142395
0.42719635367393494
0.39574363827705383
0.40660160779953003
0.39532721042633057
0.46686452627182007
0.555397093296051
0.3768874704837799
0.3808780312538147
0.3662102520465851
0.39562997221946716
0.3950721323490143
0.397666871547699
0.3414938151836395
0.3674863874912262
0.4177132844924927
0.3848760724067688
0.41123178601264954
0.5507702231407166
0.45976969599723816
0.4025925397872925
0.41274625062942505
0.36448240280151367
0.27465689182281494
0.5461790561676025
0.3225392997264862
0.43676722049713135
0.4048214256763458
0.483312726020813
0.5269235968589783
0.4467674493789673
0.3951621651649475
0.3008359968662262
0.460091769695282
0.4271991550922394
0.31421634554862976
0.5960773825645447
0.35526061058044434
0.5381743907928467
0.41649338603019714
0.3604123890399933
0.557418167591095
0.4766347110271454
0.36416149139404297
0.5158081650733948
0.56341153383255
0.3625619113445282
0.4121876358985901
0.40593793988227844
0.3959380090236664
0.48905789852142334
0.32348185777664185
0.38536202907562256
0.47230055928230286
0.3309093713760376
0.31655654311180115
0.3820919394493103
0.37688130140304565
0.529710590839386
0.34982097148895264
0.41987425088882446
0.5400794744491577
0.5400883555412292
0.40204623341560364
0.3749920725822449
0.6765387654304504
0.38439875841140747
0.5676889419555664
0.588078498840332
0.5293447971343994
0.4455314874649048
0.39585718512535095
0.4683961868286133
0.27394169569015503
0.4868040382862091
0.4651658236980438
0.38934582471847534
0.4655163586139679
0.5137333869934082
0.4249827563762665
0.41053664684295654
0.5522303581237793
0.4242042899131775
0.4434930682182312
0.387543648481369
0.4713979959487915
0.5338857173919678
0.43376216292381287
0.31825539469718933
0.42304012179374695
0.3579416573047638
0.4281073212623596
0.3423015773296356
0.4269573390483856
0.33999672532081604
0.42547711730003357
0.3641139268875122
0.36994096636772156
0.3628092408180237
0.3969278037548065
0.5276064276695251
0.386084645986557
0.42999064922332764
0.547766387462616
0.333849161863327
0.48912695050239563
0.46586355566978455
0.3909338414669037
0.5956931710243225
0.5421652793884277
0.47228702902793884
0.4990030825138092
0.3838554620742798
0.3909159004688263
0.4231465458869934
0.30834707617759705
0.3235521912574768
0.32673391699790955
0.48511096835136414
0.35391172766685486
0.3704940378665924
0.5228338241577148
0.3222598433494568
0.37502461671829224
0.38771897554397583
0.5508750081062317
0.4047972559928894
0.3762514889240265
0.33518803119659424
0.3836095929145813
0.5768844485282898
0.5216829180717468
0.42427700757980347
0.3885934054851532
0.34368500113487244
0.30490052700042725
0.3899710178375244
0.46903249621391296
0.4271068274974823
0.40633729100227356
0.3109380900859833
0.42449072003364563
0.38000768423080444
0.35445594787597656
0.3886758089065552
0.4274055063724518
0.40938955545425415
0.32995060086250305
0.5382574796676636
0.40155959129333496
0.32394760847091675
0.3564857542514801
0.4674607813358307
0.4304593801498413
0.5292341709136963
0.35619306564331055
0.48005998134613037
0.36281856894493103
0.4867479205131531
0.5729791522026062
0.3265928030014038
0.3948671221733093
0.3391927182674408
0.45700976252555847
0.3333894610404968
0.34487971663475037
0.41300851106643677
0.36349985003471375
0.3977067172527313
0.42626938223838806
0.3739026188850403
0.3686843812465668
0.5228520631790161
0.4687581956386566
0.535088062286377
0.39879363775253296
0.4326709508895874
0.33483752608299255
0.41672807931900024
0.5541396141052246
0.34869423508644104
0.4105532765388489
0.39655905961990356
0.33490967750549316
0.5610122084617615
0.3696806728839874
0.4913812279701233
0.42971301078796387
0.34822168946266174
0.37851670384407043
0.35622942447662354
0.326288640499115
0.5032343864440918
0.3291053771972656
0.46880146861076355
0.45939892530441284
0.353370726108551
0.5123820900917053
0.3672763407230377
0.38323843479156494
0.4946657717227936
0.3866095542907715
0.445748895406723
0.4870471656322479
0.4282796382904053
0.5426536202430725
0.516453206539154
0.4998619258403778
0.5608296394348145
0.5085534453392029
0.5106438398361206
0.3912152349948883
0.5767926573753357
0.516453206539154
0.3512499928474426
0.5131391882896423
0.4872032105922699
0.4614563286304474
0.34311047196388245
0.31095895171165466
0.526840329170227
0.4140482544898987
0.3840145170688629
0.43566104769706726
0.35974499583244324
0.5057942271232605
0.39568525552749634
0.3739340603351593
0.33417579531669617
0.4048214256763458
0.39886054396629333
0.34627649188041687
0.4301876127719879
0.3985472321510315
0.4939768612384796
0.28826671838760376
0.33595749735832214
0.3572683334350586
0.47400492429733276
0.45421701669692993
0.361939936876297
0.4076904058456421
0.3688803017139435
0.37348929047584534
0.37202978134155273
0.5239471793174744
0.56340092420578
0.392385870218277
0.3529196083545685
0.4386123716831207
0.5220057368278503
0.44400936365127563
0.4034087657928467
0.4126359522342682
0.33620965480804443
0.45598894357681274
0.4217105805873871
0.4398026764392853
0.29059118032455444
0.43269941210746765
0.4037270247936249
0.4104399085044861
0.5132009387016296
0.42532527446746826
0.3340527415275574
0.49455970525741577
0.5932164788246155
0.42123138904571533
0.37006089091300964
0.4438198506832123
0.3897830545902252
0.5026867389678955
0.39769574999809265
0.422026664018631
0.417941689491272
0.3873579204082489
0.38440969586372375
0.3906828463077545
0.46127989888191223
0.4177139401435852
0.3334295153617859
0.3730609714984894
0.3320763111114502
0.3598185181617737
0.3381560146808624
0.4728020429611206
0.5267419219017029
0.30544203519821167
0.5822423696517944
0.38917654752731323
0.4494763910770416
0.5814265012741089
0.44033175706863403
0.36891740560531616
0.35061731934547424
0.4775908887386322
0.39630627632141113
0.49904587864875793
0.4112139940261841
0.568874180316925
0.4612618088722229
0.2975565195083618
0.3586629331111908
0.43771621584892273
0.4794607162475586
0.4738982915878296
0.45632049441337585
0.3966912031173706
0.43889692425727844
0.30217403173446655
0.36072081327438354
0.36357447504997253
0.37963077425956726
0.3860904574394226
0.4155595004558563
0.41988810896873474
0.33884772658348083
0.38393434882164
0.3759596049785614
0.3194393217563629
0.38854655623435974
0.3757156431674957
0.27570804953575134
0.3436794579029083
0.3609139621257782
0.40657228231430054
0.4807533025741577
0.5315138101577759
0.3845363259315491
0.5121729969978333
0.42852264642715454
0.3420272767543793
0.39304447174072266
0.3630206882953644
0.2967018783092499
0.36287158727645874
0.5349818468093872
0.41189631819725037
0.42187175154685974
0.5277658104896545
0.6167088150978088
0.3702889680862427
0.4500122666358948
0.3265233039855957
0.48683398962020874
0.4197818636894226
0.46803390979766846
0.43259596824645996
0.3921092748641968
0.29725417494773865
0.39323344826698303
0.32373589277267456
0.43512678146362305
0.35874369740486145
0.45587819814682007
0.6337124705314636
0.5263810753822327
0.4453144073486328
0.42107290029525757
0.38702094554901123
0.42553070187568665
0.31360626220703125
0.560141921043396
0.5383906960487366
0.4308288097381592
0.4112774431705475
0.5054712891578674
0.38780030608177185
0.5341991186141968
0.4443417191505432
0.34938326478004456
0.39267635345458984
0.41629558801651
0.4919385313987732
0.5411228537559509
0.32565081119537354
0.3708719313144684
0.3662812411785126
0.35592901706695557
0.4311005771160126
0.5070760250091553
0.4394713342189789
0.3270748257637024
0.2852632999420166
0.3785093426704407
0.47118061780929565
0.493062824010849
0.5643131732940674
0.4878225326538086
0.40685275197029114
0.3905005156993866
0.5911372303962708
0.35594022274017334
0.5661457777023315
0.5593132376670837
0.4850859045982361
0.5519053339958191
0.5430618524551392
0.41952645778656006
0.3913082480430603
0.33984610438346863
0.4968656599521637
0.30196863412857056
0.4055994749069214
0.4024237096309662
0.4114232063293457
0.4772867262363434
0.41501519083976746
0.3151022493839264
0.6056162118911743
0.4459798038005829
0.3726792335510254
0.4387965500354767
0.37623417377471924
0.4516148865222931
0.47613954544067383
0.3832317292690277
0.4228414297103882
0.5868045687675476
0.3583211898803711
0.3413340747356415
0.3392939567565918
0.3280242085456848
0.41003918647766113
0.4388657808303833
0.45849940180778503
0.34333136677742004
0.3698931634426117
0.5020928382873535
0.42392727732658386
0.36467820405960083
0.4184877872467041
0.377841055393219
0.42885828018188477
0.33904457092285156
0.5761335492134094
0.5360758304595947
0.4352691173553467
0.37671345472335815
0.5507003664970398
0.3954349458217621
0.33460503816604614
0.30148911476135254
0.297163188457489
0.4023798406124115
0.4280669391155243
0.4198770225048065
0.35993459820747375
0.4682805836200714
0.37586280703544617
0.4458322823047638
0.3549737334251404
0.29928311705589294
0.5595686435699463
0.36355897784233093
0.39856719970703125
0.32415178418159485
0.31371912360191345
0.40551766753196716
0.42540243268013
0.3941233158111572
0.5132124423980713
0.3574266731739044
0.49866899847984314
0.35187003016471863
0.43662717938423157
0.4768972396850586
0.3552890717983246
0.4196246564388275
0.3890804946422577
0.458832710981369
0.34819015860557556
0.4384813606739044
0.3749915659427643
0.3120165467262268
0.38279348611831665
0.4683094918727875
0.3439876139163971
0.4058203101158142
0.5727813243865967
0.3833104372024536
0.3907768130302429
0.5958502888679504
0.5712618827819824
0.29915907979011536
0.3910078704357147
0.5426245927810669
0.4975128173828125
0.5185362100601196
0.42415115237236023
0.42598840594291687
0.3718748688697815
0.35126402974128723
0.43643176555633545
0.2986166775226593
0.4409123957157135
0.4215794503688812
0.43602317571640015
0.5381723642349243
0.40321436524391174
0.4789564907550812
0.4381001591682434
0.387543648481369
0.3611626923084259
0.3466435670852661
0.3679649829864502
0.41098564863204956
0.33210596442222595
0.37867286801338196
0.4189201593399048
0.4030854105949402
0.30195486545562744
0.40382710099220276
0.5294639468193054
0.31780460476875305
0.3378008008003235
0.4077066481113434
0.366070955991745
0.29154834151268005
0.42877429723739624
0.40315303206443787
0.5119878649711609
0.3990332782268524
0.5950291752815247
0.5069402456283569
0.5197116136550903
0.4158216416835785
0.5512116551399231
0.3513701260089874
0.3926965296268463
0.3868444859981537
0.41426342725753784
0.34918084740638733
0.32900863885879517
0.4100506603717804
0.4105774462223053
0.3654572665691376
0.42547324299812317
0.28822097182273865
0.4654756486415863
0.41060060262680054
0.30719566345214844
0.3048374354839325
0.4535839557647705
0.33451035618782043
0.3683680593967438
0.5238549113273621
0.31448429822921753
0.4654756486415863
0.3722834885120392
0.6004894971847534
0.423575758934021
0.482169508934021
0.35011422634124756
0.4078192412853241
0.37389612197875977
0.5081332325935364
0.40446287393569946
0.39271944761276245
0.27145177125930786
0.38050827383995056
0.3929310142993927
0.35820096731185913
0.5297435522079468
0.41668900847435
0.3855690062046051
0.4626757800579071
0.4174286127090454
0.5627176761627197
0.3159938454627991
0.6387410759925842
0.38567933440208435
0.48581042885780334
0.39361679553985596
0.47384122014045715
0.46371644735336304
0.31775712966918945
0.429913192987442
0.39608141779899597
0.3053072988986969
0.4404720366001129
0.32755571603775024
0.5607721209526062
0.3357187509536743
0.33773934841156006
0.36626502871513367
0.37590423226356506
0.40988442301750183
0.47034111618995667
0.4257906675338745
0.3635792136192322
0.4307556748390198
0.37702667713165283
0.4046286642551422
0.2874457538127899
0.35998430848121643
0.3630944788455963
0.5003480315208435
0.42286744713783264
0.3556799292564392
0.3464982807636261
0.3657515048980713
0.35851994156837463
0.4378746449947357
0.5211936831474304
0.5644829869270325
0.33771613240242004
0.36329391598701477
0.3593575656414032
0.3747239112854004
0.3502008616924286
0.4093496799468994
0.5543302893638611
0.41496285796165466
0.45102569460868835
0.3925791382789612
0.39353829622268677
0.4614633619785309
0.4103694558143616
0.4260045289993286
0.41012540459632874
0.45879247784614563
0.5339628458023071
0.32887107133865356
0.5950291752815247
0.3299364745616913
0.3408830761909485
0.35026347637176514
0.513468861579895
0.36307263374328613
0.32901856303215027
0.2938927710056305
0.3453470468521118
0.5088475942611694
0.5583189129829407
0.3273952901363373
0.573737621307373
0.35356080532073975
0.4035012423992157
0.44816675782203674
0.5631000995635986
0.497749924659729
0.4389492869377136
0.4193689823150635
0.43884626030921936
0.48383665084838867
0.3892152011394501
0.36897778511047363
0.48842865228652954
0.36880579590797424
0.38517776131629944
0.3646620810031891
0.49268078804016113
0.4175523519515991
0.3963966369628906
0.547755241394043
0.3484395444393158
0.48289674520492554
0.41833919286727905
0.48213836550712585
0.3722683787345886
0.37602171301841736
0.4051058888435364
0.3635953962802887
0.6132608652114868
0.5646260976791382
0.31189632415771484
0.4459397792816162
0.3611767888069153
0.32505929470062256
0.3181639611721039
0.361197829246521
0.3731240928173065
0.30029550194740295
0.34126195311546326
0.4664141535758972
0.257826566696167
0.566809892654419
0.458085298538208
0.3756807744503021
0.37510502338409424
0.39748483896255493
0.42076078057289124
0.3446851670742035
0.401594340801239
0.5248997807502747
0.689679741859436
0.3830898404121399
0.4214492440223694
0.3596157729625702
0.39204612374305725
0.3824427127838135
0.3196251094341278
0.5649612545967102
0.2959400415420532
0.3955439627170563
0.5157201290130615
0.3682788908481598
0.37264955043792725
0.418472558259964
0.4012086093425751
0.3764936923980713
0.4211784303188324
0.42052996158599854
0.4473719894886017
0.39353498816490173
0.38197624683380127
0.3804599940776825
0.5618331432342529
0.4170422852039337
0.558250367641449
0.39090535044670105
0.3964519798755646
0.42510828375816345
0.4713513255119324
0.3887507915496826
0.2838297188282013
0.35747209191322327
0.3757728934288025
0.39764776825904846
0.5607721209526062
0.384422242641449
0.33758240938186646
0.45549166202545166
0.49259287118911743
0.4551852345466614
0.35528263449668884
0.4668649137020111
0.4377874433994293
0.5360153317451477
0.3799324333667755
0.4439838230609894
0.37163281440734863
0.3927798867225647
0.3772776424884796
0.34052518010139465
0.4546270966529846
0.5335114002227783
0.4806000292301178
0.3989729881286621
0.4430689811706543
0.4102105498313904
0.4161209464073181
0.45995983481407166
0.44988465309143066
0.5505077838897705
0.365857869386673
0.43757709860801697
0.5210099220275879
0.32695338129997253
0.4332769215106964
0.4270094037055969
0.40464234352111816
0.4650222659111023
0.32021909952163696
0.4479518234729767
0.360940545797348
0.6344121694564819
0.47058120369911194
0.38522255420684814
0.35368025302886963
0.38701131939888
0.5501518845558167
0.3875964283943176
0.4455060362815857
0.4654756486415863
0.4075371325016022
0.38268721103668213
0.4214329719543457
0.33699682354927063
0.4275752604007721
0.49022480845451355
0.52158123254776
0.5421652793884277
0.5361716747283936
0.36972546577453613
0.4165246784687042
0.363821804523468
0.559995174407959
0.5438326597213745
0.44596824049949646
0.3928637206554413
0.43023934960365295
0.3990820646286011
0.3493412435054779
0.29858657717704773
0.40354740619659424
0.28999507427215576
0.3490629494190216
0.4301823675632477
0.43451619148254395
0.5384765267372131
0.39249229431152344
0.34344029426574707
0.47182750701904297
0.31381988525390625
0.2843785285949707
0.6054047346115112
0.41857659816741943
0.426739364862442
0.31197476387023926
0.4104233384132385
0.39157843589782715
0.43689918518066406
0.35639312863349915
0.4288325309753418
0.502906084060669
0.41912201046943665
0.36546897888183594
0.5054572820663452
0.3938692510128021
0.6167088150978088
0.49220147728919983
0.37039798498153687
0.5593441724777222
0.3447721302509308
0.40551766753196716
0.31655165553092957
0.5607721209526062
0.30109819769859314
0.388913631439209
0.3479102849960327
0.3792523741722107
0.323477566242218
0.3386722207069397
0.4891067147254944
0.387478232383728
0.5512143969535828
0.39897751808166504
0.3937026262283325
0.41352465748786926
0.362751841545105
0.3741142749786377
0.4292265772819519
0.35044121742248535
0.5150771141052246
0.4228140711784363
0.4458014965057373
0.368394672870636
0.45203080773353577
0.3599943518638611
0.5743379592895508
0.38142257928848267
0.3386091887950897
0.4995534420013428
0.6051672697067261
0.47403669357299805
0.46206262707710266
0.42200207710266113
0.3637870252132416
0.30641162395477295
0.4359709918498993
0.3679831922054291
0.37961849570274353
0.3735974133014679
0.5393444299697876
0.3422560393810272
0.6161067485809326
0.381478488445282
0.31166478991508484
0.5320900678634644
0.4872571527957916
0.4683550298213959
0.3385736346244812
0.33289918303489685
0.4100508689880371
0.44526565074920654
0.4630542993545532
0.32005566358566284
0.36784154176712036
0.36577674746513367
0.41895604133605957
0.32898980379104614
0.39256346225738525
0.44382792711257935
0.36034372448921204
0.3574340045452118
0.5042283535003662
0.40638870000839233
0.35378023982048035
0.4290385842323303
0.37814104557037354
0.4434393644332886
0.5254440903663635
0.4127744436264038
0.4991781413555145
0.47305747866630554
0.35914039611816406
0.37322694063186646
0.4421892762184143
0.4294613003730774
0.5302436351776123
0.41293343901634216
0.41349267959594727
0.3933853209018707
0.4610440731048584
0.31274282932281494
0.3633287250995636
0.4589211046695709
0.3304007947444916
0.3682416081428528
0.3874875009059906
0.33010461926460266
0.43384021520614624
0.484807550907135
0.4936932325363159
0.3359559178352356
0.3712034523487091
0.4406629502773285
0.3573371171951294
0.5607721209526062
0.3896227777004242
0.3485754132270813
0.46839940547943115
0.3905651569366455
0.4304579198360443
0.4366271495819092
0.4023400545120239
0.4208051860332489
0.32052984833717346
0.33520570397377014
0.5416638851165771
0.5061161518096924
0.30290672183036804
0.4165246784687042
0.34020987153053284
0.3469638526439667
0.4165246784687042
0.3172844648361206
0.47990307211875916
0.4272913932800293
0.3830038011074066
0.44309768080711365
0.4549834132194519
0.5479089021682739
0.4063566327095032
0.3842916786670685
0.4785924255847931
0.4365052580833435
0.42078110575675964
0.4006849229335785
0.40593570470809937
0.375836044549942
0.4165246784687042
0.4477575719356537
0.4174291789531708
0.3930355906486511
0.39843374490737915
0.4399501383304596
0.40004315972328186
0.5593385696411133
0.331783264875412
0.2774011790752411
0.41696813702583313
0.48473504185676575
0.4667665362358093
0.41987183690071106
0.4280132055282593
0.44505107402801514
0.41192835569381714
0.44956737756729126
0.3991195857524872
0.3326435387134552
0.4946429133415222
0.4790958762168884
0.36922165751457214
0.3028062880039215
0.4327809512615204
0.548833966255188
0.5200476050376892
0.3529615104198456
0.6016533970832825
0.3359353542327881
0.4280132055282593
0.3646739721298218
0.34742218255996704
0.44089823961257935
0.33935025334358215
0.4223361015319824
0.42355775833129883
0.4609629213809967
0.4219808280467987
0.46707388758659363
0.5335670709609985
0.3919084966182709
0.3606284260749817
0.3576742112636566
0.3870539665222168
0.3732684850692749
0.3955358564853668
0.4801158905029297
0.5145542621612549
0.4165246784687042
0.3866410255432129
0.3388688266277313
0.39147794246673584
0.3876204490661621
0.30224406719207764
0.44432762265205383
0.5896392464637756
0.3739193081855774
0.4365706741809845
0.32314804196357727
0.39998960494995117
0.4822196364402771
0.3406776487827301
0.4138859510421753
0.42834359407424927
0.3654274046421051
0.4053674340248108
0.544585645198822
0.4201592803001404
0.37466543912887573
0.5088974237442017
0.4546073377132416
0.3884783387184143
0.3188219964504242
0.4581986963748932
0.4439401626586914
0.35754451155662537
0.42145517468452454
0.3691559135913849
0.35606318712234497
0.576831579208374
0.5013348460197449
0.6620168685913086
0.357673704624176
0.4044405519962311
0.45650631189346313
0.4442780315876007
0.559148907661438
0.4855380654335022
0.5249328017234802
0.42306408286094666
0.3640347123146057
0.39613965153694153
0.43151286244392395
0.3840738534927368
0.5489832758903503
0.5658629536628723
0.4154528081417084
0.3518751263618469
0.42550545930862427
0.41566699743270874
0.31630653142929077
0.43960344791412354
0.5472614765167236
0.4586030840873718
0.3599884808063507
0.2910257577896118
0.4918564558029175
0.47926822304725647
0.40823763608932495
0.3676372766494751
0.3888154923915863
0.3294675648212433
0.3014892637729645
0.5137503743171692
0.32075971364974976
0.36690929532051086
0.3690583407878876
0.42310598492622375
0.38292986154556274
0.4172378480434418
0.4654756486415863
0.3240630626678467
0.5607721209526062
0.5361983180046082
0.430897057056427
0.5038021206855774
0.4313349723815918
0.4407915771007538
0.5614469051361084
0.3582707941532135
0.35354259610176086
0.5423718690872192
0.4154471457004547
0.31858029961586
0.408612459897995
0.3777224123477936
0.39087745547294617
0.3957565128803253
0.35870471596717834
0.5948776006698608
0.5770951509475708
0.3153720796108246
0.3381218910217285
0.36990630626678467
0.43088337779045105
0.38111624121665955
0.37966597080230713
0.3730778396129608
0.4442358911037445
0.34793928265571594
0.34719598293304443
0.379756897687912
0.3687343895435333
0.3142935633659363
0.3797721564769745
0.46681973338127136
0.2780667841434479
0.49193528294563293
0.4315623342990875
0.314590722322464
0.3865099251270294
0.33467498421669006
0.48840001225471497
0.4656204283237457
0.3391662836074829
0.4166337847709656
0.32165515422821045
0.5370166301727295
0.4790375530719757
0.4946909248828888
0.38751867413520813
0.34886202216148376
0.428912490606308
0.40668830275535583
0.40639451146125793
0.39426878094673157
0.28573957085609436
0.430497944355011
0.41899019479751587
0.3898892402648926
0.3539697825908661
0.5722696185112
0.39306098222732544
0.38641905784606934
0.4014773368835449
0.31583499908447266
0.36140695214271545
0.3393331468105316
0.36250975728034973
0.39608481526374817
0.3975912034511566
0.519781231880188
0.32791563868522644
0.3548927307128906
0.4179616868495941
0.43005868792533875
0.41933131217956543
0.387543648481369
0.3476526737213135
0.5770251154899597
0.44283175468444824
0.3438807427883148
0.40911367535591125
0.3415186405181885
0.3990786671638489
0.26999905705451965
0.3489120900630951
0.429123193025589
0.5755279064178467
0.40376824140548706
0.3713238537311554
0.42376357316970825
0.37075549364089966
0.3963935673236847
0.38966619968414307
0.35683757066726685
0.3941635191440582
0.4549853205680847
0.430808424949646
0.379322350025177
0.3808794319629669
0.3982281982898712
0.26721322536468506
0.2916967570781708
0.37451860308647156
0.4296029210090637
0.474334716796875
0.3397368788719177
0.33828991651535034
0.45457881689071655
0.3843483328819275
0.37859028577804565
0.538637101650238
0.6039328575134277
0.4219738841056824
0.4200131595134735
0.35788312554359436
0.35625410079956055
0.4770873188972473
0.43376216292381287
0.5695351362228394
0.48194020986557007
0.37592434883117676
0.49113473296165466
0.42298150062561035
0.39243900775909424
0.3402293622493744
0.5750188827514648
0.41143104434013367
0.5002135634422302
0.5879168510437012
0.553263247013092
0.3972928822040558
0.436395525932312
0.33298853039741516
0.3247758150100708
0.36442306637763977
0.41613051295280457
0.2892155349254608
0.45214375853538513
0.3130369484424591
0.31422168016433716
0.4715318977832794
0.36579054594039917
0.36728936433792114
0.44987133145332336
0.4108383059501648
0.4288593530654907
0.4508849084377289
0.3497834801673889
0.43693825602531433
0.5177943706512451
0.5283104777336121
0.37864112854003906
0.45037609338760376
0.38202816247940063
0.31864798069000244
0.27721619606018066
0.45131537318229675
0.40371280908584595
0.4423997402191162
0.3597157299518585
0.5310710072517395
0.534937858581543
0.49718305468559265
0.46004387736320496
0.4160315990447998
0.39382508397102356
0.39260563254356384
0.36637741327285767
0.43072885274887085
0.5744998455047607
0.43856775760650635
0.33114519715309143
0.36873263120651245
0.5142908096313477
0.4831825792789459
0.36396247148513794
0.5558282136917114
0.39377355575561523
0.3045818507671356
0.4979354441165924
0.45712530612945557
0.3756347894668579
0.33472418785095215
0.4680466949939728
0.2868416905403137
0.39217454195022583
0.4204721748828888
0.4937642514705658
0.37933647632598877
0.4004193842411041
0.4424811899662018
0.5054572820663452
0.48265671730041504
0.4340386986732483
0.3325628638267517
0.3331471383571625
0.5421652793884277
0.31985053420066833
0.2876209318637848
0.3782948851585388
0.431852251291275
0.4464302659034729
0.5399536490440369
0.49197348952293396
0.29381126165390015
0.4597562551498413
0.43623828887939453
0.43426209688186646
0.3482022285461426
0.40337634086608887
0.3359042704105377
0.39489495754241943
0.3498459756374359
0.38010281324386597
0.38472601771354675
0.5627676844596863
0.40932008624076843
0.3262821435928345
0.5075893402099609
0.525669276714325
0.3834315836429596
0.3383680582046509
0.43599948287010193
0.45059555768966675
0.3161087930202484
0.2738831043243408
0.504565954208374
0.35376977920532227
0.5509197115898132
0.3570444881916046
0.5809992551803589
0.4831395447254181
0.26454442739486694
0.5715712904930115
0.4266654849052429
0.3727712631225586
0.4312474727630615
0.43761834502220154
0.34372851252555847
0.35851213335990906
0.5006792545318604
0.34682413935661316
0.4324566721916199
0.36524897813796997
0.5618147850036621
0.4710225462913513
0.34715786576271057
0.4968975782394409
0.4311346709728241
0.3876309394836426
0.37173891067504883
0.3694262206554413
0.5055762529373169
0.3445549011230469
0.34783118963241577
0.38953614234924316
0.3724529445171356
0.35083410143852234
0.42418837547302246
0.39657971262931824
0.3408498466014862
0.3832440972328186
0.43655455112457275
0.3423771858215332
0.44322532415390015
0.45673906803131104
0.371006578207016
0.5352991819381714
0.33429858088493347
0.46284905076026917
0.36997124552726746
0.3492608964443207
0.4329168498516083
0.41526708006858826
0.4560028612613678
0.4256366193294525
0.4050655961036682
0.46132639050483704
0.3566739857196808
0.3895960748195648
0.4096076488494873
0.5587393641471863
0.38273757696151733
0.4086766839027405
0.3311774730682373
0.4187229573726654
0.38819533586502075
0.598848819732666
0.39062032103538513
0.469446063041687
0.3571215569972992
0.4285639226436615
0.47860321402549744
0.2993703782558441
0.33202072978019714
0.3710731863975525
0.37403422594070435
0.4294986426830292
0.4145565927028656
0.41787421703338623
0.5439441204071045
0.4393024444580078
0.45354458689689636
0.47562792897224426
0.42599499225616455
0.4413471519947052
0.3019479811191559
0.44125786423683167
0.4823341369628906
0.37316739559173584
0.37482160329818726
0.3341706097126007
0.43652746081352234
0.318150132894516
0.3668147027492523
0.3497846722602844
0.3769497275352478
0.44055405259132385
0.3506747782230377
0.302116334438324
0.25621676445007324
0.3673917353153229
0.3912796378135681
0.49718305468559265
0.5112844109535217
0.4384597837924957
0.4475057125091553
0.4256911277770996
0.3587367534637451
0.3485589325428009
0.32791608572006226
0.42214450240135193
0.5255470871925354
0.40651991963386536
0.5219137668609619
0.3564167320728302
0.4410480856895447
0.4068300426006317
0.3982706069946289
0.3612775504589081
0.27402910590171814
0.35537412762641907
0.37046653032302856
0.4643775224685669
0.3568283021450043
0.38829970359802246
0.3143298625946045
0.5114933252334595
0.568149983882904
0.3012588322162628
0.422216534614563
0.40348631143569946
0.36762890219688416
0.387543648481369
0.35202834010124207
0.33442291617393494
0.40249699354171753
0.5445683598518372
0.34900906682014465
0.4544968903064728
0.3811177909374237
0.43271031975746155
0.41586834192276
0.4120549261569977
0.41585615277290344
0.38609352707862854
0.4913235306739807
0.40045690536499023
0.2925383448600769
0.36438512802124023
0.39930039644241333
0.35786640644073486
0.3438427150249481
0.5094299912452698
0.4088250398635864
0.3688078224658966
0.4348079562187195
0.387543648481369
0.4157448410987854
0.40756747126579285
0.3797767162322998
0.40977025032043457
0.45494315028190613
0.34348538517951965
0.5121918320655823
0.35458528995513916
0.4171984791755676
0.482186496257782
0.3898767828941345
0.4469336271286011
0.44683659076690674
0.39481431245803833
0.3748379349708557
0.47809597849845886
0.4269896149635315
0.5471920371055603
0.5268387794494629
0.4362914264202118
0.3242480456829071
0.36686229705810547
0.4227448105812073
0.4075220823287964
0.4130425751209259
0.4484509825706482
0.5005094408988953
0.5666839480400085
0.40463152527809143
0.40555545687675476
0.551093339920044
0.43227657675743103
0.31473028659820557
0.42719370126724243
0.3596119284629822
0.3694957196712494
0.3935684561729431
0.4753986597061157
0.3251761794090271
0.39153343439102173
0.4196861684322357
0.33369001746177673
0.44862744212150574
0.32798585295677185
0.4623037576675415
0.3911370635032654
0.4037512242794037
0.4280318319797516
0.3850381672382355
0.3663124740123749
0.34982290863990784
0.3454306423664093
0.576055645942688
0.35872790217399597
0.33373212814331055
0.4150703251361847
0.34986546635627747
0.35830965638160706
0.469009667634964
0.377612441778183
0.46965155005455017
0.5371841192245483
0.4488900601863861
0.5668870806694031
0.4481290578842163
0.4745655655860901
0.5318891406059265
0.3302244246006012
0.45729318261146545
0.3588930666446686
0.392059326171875
0.5479012131690979
0.3686074912548065
0.34802955389022827
0.4788110554218292
0.5221272110939026
0.5483189821243286
0.4355838894844055
0.5300154685974121
0.3616909682750702
0.46994486451148987
0.4893592596054077
0.33827006816864014
0.3544272482395172
0.4129794239997864
0.3802049458026886
0.5856927037239075
0.3456698954105377
0.4054572880268097
0.39628270268440247
0.275752991437912
0.5566598176956177
0.5688356757164001
0.5211271047592163
0.31752926111221313
0.3885742425918579
0.42526644468307495
0.40786129236221313
0.3810063898563385
0.44500845670700073
0.41325828433036804
0.413208544254303
0.3656547963619232
0.452506959438324
0.4978072941303253
0.4643775224685669
0.40591493248939514
0.3817966878414154
0.5421652793884277
0.617243230342865
0.4881519675254822
0.350765198469162
0.31003448367118835
0.5791619420051575
0.4093095064163208
0.3873876631259918
0.4506828784942627
0.3225499093532562
0.4244036376476288
0.3572782576084137
0.35412541031837463
0.386993944644928
0.4029748737812042
0.42026638984680176
0.3627277612686157
0.3203900456428528
0.3790169358253479
0.3650456368923187
0.33510902523994446
0.47133731842041016
0.41262567043304443
0.4530993402004242
0.35676562786102295
0.39968404173851013
0.33445823192596436
0.3740878403186798
0.33998653292655945
0.37131139636039734
0.3654140532016754
0.3282991051673889
0.3604587912559509
0.3042430877685547
0.4220457673072815
0.4191659688949585
0.42135486006736755
0.5182248950004578
0.6047640442848206
0.3974339962005615
0.34522345662117004
0.48355239629745483
0.3554718494415283
0.3618159592151642
0.33537906408309937
0.430343359708786
0.3669229745864868
0.346362441778183
0.277527779340744
0.3492332100868225
0.4246552288532257
0.39581939578056335
0.44783276319503784
0.5067287087440491
0.3901727795600891
0.43863993883132935
0.39835718274116516
0.5171699523925781
0.37561991810798645
0.42820248007774353
0.3207373321056366
0.3761157691478729
0.37346217036247253
0.5085127949714661
0.5184460282325745
0.40454888343811035
0.37669238448143005
0.49234363436698914
0.6137645840644836
0.4288385212421417
0.3461608588695526
0.44714218378067017
0.4413640797138214
0.36248886585235596
0.41588079929351807
0.4289287328720093
0.4838133752346039
0.44652339816093445
0.4050754904747009
0.419202595949173
0.37976565957069397
0.31794682145118713
0.4257148504257202
0.43239402770996094
0.3285330832004547
0.37457191944122314
0.3687725365161896
0.32607507705688477
0.38758721947669983
0.3123190104961395
0.30706578493118286
0.3802112340927124
0.48547643423080444
0.5950291752815247
0.461884081363678
0.38646817207336426
0.4512324631214142
0.3021485507488251
0.3835776448249817
0.37299931049346924
0.5492599606513977
0.5106053948402405
0.41180676221847534
0.5906414985656738
0.4573856294155121
0.35895979404449463
0.45639434456825256
0.3673262298107147
0.3955366909503937
0.3464970290660858
0.35667282342910767
0.4953896999359131
0.3575398623943329
0.3567889928817749
0.32230207324028015
0.3587307035923004
0.5411228537559509
0.37471526861190796
0.6114952564239502
0.4132463335990906
0.39410796761512756
0.32696813344955444
0.4665265679359436
0.4873626232147217
0.3705768883228302
0.306279718875885
0.476318895816803
0.3474535346031189
0.41815707087516785
0.49339744448661804
0.41767892241477966
0.5335155129432678
0.4188264012336731
0.40482237935066223
0.32688936591148376
0.3603784441947937
0.37035542726516724
0.5079675912857056
0.36759987473487854
0.5054572820663452
0.387543648481369
0.4719066321849823
0.3803463280200958
0.3554287254810333
0.43216943740844727
0.3581021726131439
0.4211638569831848
0.399930864572525
0.3524981737136841
0.4252525568008423
0.3974335491657257
0.2638080418109894
0.5314497351646423
0.36215052008628845
0.3951716125011444
0.35951077938079834
0.3226208984851837
0.31136175990104675
0.41239577531814575
0.37093883752822876
0.43605560064315796
0.31789717078208923
0.36563122272491455
0.4707831144332886
0.5522968173027039
0.44119545817375183
0.3822977542877197
0.36145225167274475
0.5380005836486816
0.38077062368392944
0.3224431574344635
0.34377530217170715
0.42777392268180847
0.5017542243003845
0.3821429908275604
0.33532822132110596
0.49167075753211975
0.3176162540912628
0.44063904881477356
0.5135921835899353
0.5724104642868042
0.5595918297767639
0.3772276043891907
0.40316444635391235
0.3919471800327301
0.52341228723526
0.5692493319511414
0.4687193036079407
0.4055231809616089
0.47494247555732727
0.47053903341293335
0.36288926005363464
0.36800864338874817
0.40386855602264404
0.4165246784687042
0.47395023703575134
0.37500983476638794
0.36059555411338806
0.3971882462501526
0.40100958943367004
0.3135126531124115
0.40472376346588135
0.3555530309677124
0.4214875400066376
0.3728928864002228
0.38681697845458984
0.4331015646457672
0.3938588798046112
0.3725464344024658
0.35305407643318176
0.4316857159137726
0.5190853476524353
0.39894524216651917
0.37374475598335266
0.3389809727668762
0.5306424498558044
0.41671323776245117
0.6371407508850098
0.5365477204322815
0.36068663001060486
0.49618566036224365
0.45997753739356995
0.4245547950267792
0.40514203906059265
0.44062086939811707
0.4176945388317108
0.4857127070426941
0.5506302714347839
0.3782055974006653
0.3805759847164154
0.5361950397491455
0.40798190236091614
0.34292736649513245
0.41831672191619873
0.45780643820762634
0.39631158113479614
0.32350215315818787
0.4116722643375397
0.3360411822795868
0.4536415636539459
0.34537824988365173
0.32654422521591187
0.4081028699874878
0.48755988478660583
0.45001789927482605
0.49718305468559265
0.3958545923233032
0.4969239830970764
0.461783766746521
0.4400651156902313
0.44067999720573425
0.5297651290893555
0.49410873651504517
0.4222467839717865
0.5487886667251587
0.4713640511035919
0.522761881351471
0.4056496322154999
0.5505063533782959
0.48885560035705566
0.41483575105667114
0.5647628307342529
0.632310688495636
0.3570707440376282
0.3859550952911377
0.351822167634964
0.360395610332489
0.4165246784687042
0.3961951434612274
0.3374338746070862
0.4720035791397095
0.4094734787940979
0.36907336115837097
0.3369191884994507
0.4588111937046051
0.46949508786201477
0.3679903447628021
0.4611430764198303
0.5679042339324951
0.3538140058517456
0.33833229541778564
0.33530715107917786
0.4037610590457916
0.3877198100090027
0.3995404541492462
0.45293572545051575
0.410362184047699
0.4496980309486389
0.5378479957580566
0.3733031451702118
0.4434930682182312
0.34248825907707214
0.4565874934196472
0.3541223108768463
0.5255994200706482
0.3170666992664337
0.35065340995788574
0.36857840418815613
0.43744975328445435
0.38287100195884705
0.4394718408584595
0.37469860911369324
0.40291503071784973
0.4630930721759796
0.3952234387397766
0.4406079649925232
0.4909263551235199
0.41506320238113403
0.49618566036224365
0.3204851746559143
0.416909396648407
0.3224172294139862
0.4413869082927704
0.47618967294692993
0.3356139361858368
0.4127520024776459
0.6304338574409485
0.31551650166511536
0.32849839329719543
0.5372136235237122
0.5029911994934082
0.38275501132011414
0.3453001081943512
0.5137728452682495
0.5462703704833984
0.4078443944454193
0.39077967405319214
0.3628489375114441
0.3792370855808258
0.4172722399234772
0.38626664876937866
0.4204872250556946
0.36974477767944336
0.3971709609031677
0.28908026218414307
0.26972270011901855
0.39074239134788513
0.3600863516330719
0.43201056122779846
0.37480053305625916
0.3648014962673187
0.4484637379646301
0.28254517912864685
0.4597887694835663
0.4738816022872925
0.468088299036026
0.5680803060531616
0.5319672226905823
0.5443737506866455
0.5488337874412537
0.4667590856552124
0.3918914198875427
0.39931535720825195
0.2706877589225769
0.5260465145111084
0.36993682384490967
0.5809994339942932
0.3621702790260315
0.5358966588973999
0.5120622515678406
0.49467095732688904
0.3832467794418335
0.4325282871723175
0.5189332962036133
0.32407644391059875
0.36927393078804016
0.3846125602722168
0.32310986518859863
0.33911973237991333
0.5404466986656189
0.39587730169296265
0.34283798933029175
0.4971816837787628
0.3779236674308777
0.4933657944202423
0.40588346123695374
0.3370695114135742
0.4249418377876282
0.41810324788093567
0.29600977897644043
0.5689798593521118
0.48860469460487366
0.28559136390686035
0.35120439529418945
0.30444034934043884
0.31823062896728516
0.5330921411514282
0.5107861161231995
0.39197343587875366
0.3712911009788513
0.4401569366455078
0.35404011607170105
0.30587074160575867
0.2779999375343323
0.5102400183677673
0.5201764702796936
0.37971943616867065
0.43437832593917847
0.32247185707092285
0.41903066635131836
0.3637605905532837
0.5179953575134277
0.3140627443790436
0.372429758310318
0.3994443118572235
0.2930872142314911
0.40839701890945435
0.3471163213253021
0.3103211224079132
0.4185135066509247
0.36931365728378296
0.5514016151428223
0.49618592858314514
0.5251651406288147
0.49718475341796875
0.347183495759964
0.4473172128200531
0.3614320158958435
0.4937029480934143
0.34363865852355957
0.31189683079719543
0.43364036083221436
0.47560641169548035
0.43269941210746765
0.34094950556755066
0.3753194808959961
0.35132819414138794
0.47816306352615356
0.400186687707901
0.3405795097351074
0.31835171580314636
0.4475097358226776
0.36585572361946106
0.37887144088745117
0.43734267354011536
0.5092008113861084
0.45745739340782166
0.3702961802482605
0.42502346634864807
0.4119856655597687
0.3501219153404236
0.5463331937789917
0.3235568404197693
0.3645564317703247
0.5260346531867981
0.4481266140937805
0.382019579410553
0.29781606793403625
0.43192121386528015
0.49942800402641296
0.42027440667152405
0.337790846824646
0.48547810316085815
0.4653386175632477
0.35830050706863403
0.3340209126472473
0.3521759808063507
0.3911950886249542
0.4132493734359741
0.36779218912124634
0.4438728392124176
0.3481600284576416
0.30695608258247375
0.4212590754032135
0.418135404586792
0.5627539157867432
0.35060808062553406
0.39678195118904114
0.5287824273109436
0.5825810432434082
0.3195749819278717
0.3887743651866913
0.37708795070648193
0.3431878983974457
0.3575221300125122
0.5289589166641235
0.3524453938007355
0.4245697557926178
0.5178430080413818
0.34053710103034973
0.3701794743537903
0.45872950553894043
0.37971755862236023
0.4336799681186676
0.4276182949542999
0.3002367615699768
0.5233176946640015
0.46555018424987793
0.3600420355796814
0.4400559663772583
0.3687534034252167
0.544001579284668
0.3338351547718048
0.4062042236328125
0.48842865228652954
0.4435368478298187
0.3822574019432068
0.4879702031612396
0.35427287220954895
0.4238632917404175
0.4385491609573364
0.367951363325119
0.2711505889892578
0.38619470596313477
0.3988146185874939
0.4046352505683899
0.41670382022857666
0.3730663061141968
0.365020215511322
0.6155595779418945
0.42875999212265015
0.4483177065849304
0.4035893380641937
0.4184471368789673
0.38208019733428955
0.3141722083091736
0.4347686469554901
0.49614983797073364
0.34309786558151245
0.3597215712070465
0.4221493899822235
0.6250302791595459
0.44715699553489685
0.32817718386650085
0.40433213114738464
0.4167839288711548
0.5915775299072266
0.4269886612892151
0.4364570379257202
0.42319804430007935
0.41606494784355164
0.2772982120513916
0.49625515937805176
0.5316404104232788
0.40032657980918884
0.36447402834892273
0.3361540734767914
0.4146469831466675
