0.675536036491394
0.5900895595550537
0.7085327506065369
0.6792395114898682
0.6582949757575989
0.6613457202911377
0.6460014581680298
0.6348329782485962
0.6385614275932312
0.6262128949165344
0.6842034459114075
0.6711065173149109
0.7137186527252197
0.5942133069038391
0.5956182479858398
0.6423719525337219
0.6626046299934387
0.5979042649269104
0.6382737755775452
0.5562931895256042
0.6156221032142639
0.6131406426429749
0.6685272455215454
0.5974029302597046
0.5864840745925903
0.644064724445343
0.6375407576560974
0.6444101333618164
0.6552178263664246
0.6612935066223145
0.6447895765304565
0.6414709687232971
0.621425986289978
0.6965245008468628
0.6640748977661133
0.6442016959190369
0.65127032995224
0.6531020998954773
0.6363053321838379
0.6468669772148132
0.6786588430404663
0.640079915523529
0.5731858611106873
0.7029831409454346
0.6282359957695007
0.6475517153739929
0.5812398195266724
0.6500732898712158
0.6345725059509277
0.6060150265693665
0.6282736659049988
0.6194451451301575
0.6516615152359009
0.5704440474510193
0.6401640772819519
0.7292102575302124
0.6342503428459167
0.6647013425827026
0.6485146284103394
0.6487828493118286
0.6606946587562561
0.6392636299133301
0.617554247379303
0.6126475930213928
0.6540659666061401
0.6603978872299194
0.5617207884788513
0.6291142702102661
0.6225113272666931
0.5803382992744446
0.6650898456573486
0.6412444114685059
0.6345967650413513
0.6747859120368958
0.5649627447128296
0.5961125493049622
0.6766316890716553
0.5875433087348938
0.5630311369895935
0.6074709892272949
0.7263973355293274
0.683860719203949
0.7233506441116333
0.6476205587387085
0.6601312756538391
0.6503748297691345
0.5754550099372864
0.657446563243866
0.5904779434204102
0.543984591960907
0.6351219415664673
0.6507534384727478
0.6084027886390686
0.5931982398033142
0.6501293778419495
0.6514565348625183
0.5720316171646118
0.5961984992027283
0.6229718923568726
0.6639034748077393
0.632036566734314
0.6474623680114746
0.6770392060279846
0.6723017692565918
0.5697940587997437
0.6221631169319153
0.7317975163459778
0.49417024850845337
0.6049916744232178
0.676406979560852
0.6877720355987549
0.6103926301002502
0.6504250764846802
0.718572735786438
0.6183642148971558
0.6418750286102295
0.637278139591217
0.6411504745483398
0.639007568359375
0.7100648283958435
0.6407613158226013
0.6705965995788574
0.6002739667892456
0.6068515777587891
0.5196921825408936
0.6299620270729065
0.6271728277206421
0.6486608386039734
0.6497623324394226
0.7070972919464111
0.6731155514717102
0.6923192143440247
0.6742957234382629
0.6269879341125488
0.642562747001648
0.6159734725952148
0.6146872043609619
0.5959362983703613
0.6254779100418091
0.6870996952056885
0.48593005537986755
0.657045304775238
0.6745564937591553
0.5824242234230042
0.5711995959281921
0.4775606393814087
0.5940293669700623
0.609031617641449
0.6136890053749084
0.6011381149291992
0.6598648428916931
0.6293219327926636
0.6386489272117615
0.5354728698730469
0.6727123856544495
0.6036507487297058
0.5870184302330017
0.6716313362121582
0.55692058801651
0.5985460877418518
0.5815839171409607
0.6168493628501892
0.6191579103469849
0.6139284372329712
0.6309455633163452
0.6241218447685242
0.6764272451400757
0.6430067420005798
0.6292175650596619
0.6221083402633667
0.5710982084274292
0.6688328981399536
0.6192724108695984
0.6601478457450867
0.6048575043678284
0.6759613752365112
0.6188810467720032
0.5917577147483826
0.6049916744232178
0.6883555054664612
0.6099309325218201
0.656949520111084
0.6007019877433777
0.631836473941803
0.6459024548530579
0.6259826421737671
0.6663711667060852
0.6292325258255005
0.5898985266685486
0.6110354065895081
0.6698154807090759
0.6601390242576599
0.6391953825950623
0.6397141218185425
0.4998930096626282
0.6935456991195679
0.6648017168045044
0.6123015284538269
0.7025213241577148
0.6226033568382263
0.549687385559082
0.33758673071861267
0.5818992853164673
0.6139526963233948
0.6452507972717285
0.6909006237983704
0.601716160774231
0.6491556763648987
0.6287630200386047
0.6339717507362366
0.6412660479545593
0.7111476063728333
0.684490442276001
0.6772815585136414
0.7087154388427734
0.6101143956184387
0.6196619272232056
0.5833955407142639
0.5919251441955566
0.6603512763977051
0.666792631149292
0.6925894618034363
0.6004975438117981
0.6247374415397644
0.6034172177314758
0.6420940160751343
0.6528459191322327
0.6511867046356201
0.5456116199493408
0.6112946271896362
0.6429334878921509
0.5776177048683167
0.6669623851776123
0.6653615236282349
0.5356550812721252
0.658280611038208
0.6236881613731384
0.7250480055809021
0.5496249794960022
0.633185863494873
0.6872753500938416
0.6301776766777039
0.5592018365859985
0.6913617849349976
0.6463233828544617
0.5749138593673706
0.6343076229095459
0.5967338681221008
0.6667121052742004
0.6159700155258179
0.582300066947937
0.6388648152351379
0.6850273609161377
0.5819314122200012
0.6542117595672607
0.6212432384490967
0.5772229433059692
0.6707881093025208
0.6231333613395691
0.7302776575088501
0.577786386013031
0.569015622138977
0.6108531355857849
0.538975179195404
0.6801455020904541
0.5461946129798889
0.5641921758651733
0.5884064435958862
0.6692990064620972
0.6384645104408264
0.5803382992744446
0.5819669961929321
0.6299137473106384
0.6631842851638794
0.6384741067886353
0.6031137704849243
0.6157339811325073
0.6485183238983154
0.6625701189041138
0.6259914636611938
0.6507974863052368
0.6919491291046143
0.5908420085906982
0.5667428970336914
0.6236462593078613
0.585447371006012
0.5962862968444824
0.6136677861213684
0.5838444828987122
0.6570309400558472
0.6017442345619202
0.6343638896942139
0.656035840511322
0.5957815647125244
0.6984661221504211
0.5568968653678894
0.6665632724761963
0.5503761172294617
0.6653152704238892
0.6906110644340515
0.5179430842399597
0.6216784119606018
0.6028661131858826
0.5940833687782288
0.5773602724075317
0.6554920077323914
0.5841608047485352
0.6558259725570679
0.6074212789535522
0.6427171230316162
0.6100674271583557
0.6172371506690979
0.6687281727790833
0.6929379105567932
0.623067319393158
0.6187950372695923
0.6230118870735168
0.6556385159492493
0.6573824286460876
0.645084798336029
0.6415160894393921
0.6232103109359741
0.6172046661376953
0.41898322105407715
0.672606885433197
0.7180687785148621
0.607321560382843
0.6699948906898499
0.5626676082611084
0.720683217048645
0.6441851258277893
0.592657208442688
0.6532859802246094
0.5908704400062561
0.5762546062469482
0.5796366930007935
0.625413179397583
0.636246919631958
0.6223013401031494
0.6460787653923035
0.6587916612625122
0.6112776398658752
0.687035083770752
0.5926602482795715
0.6330723166465759
0.5941830277442932
0.6451849937438965
0.632785975933075
0.54759681224823
0.6514891386032104
0.669648289680481
0.6229055523872375
0.579594075679779
0.59092116355896
0.6047916412353516
0.661888062953949
0.5583738684654236
0.5808327794075012
0.6320613026618958
0.6546093225479126
0.4669158458709717
0.6186713576316833
0.5133222341537476
0.5395276546478271
0.6893860697746277
0.5394667983055115
0.6176327466964722
0.593921422958374
0.5508165955543518
0.658894956111908
0.6258723735809326
0.6554149985313416
0.640864372253418
0.6349682807922363
0.5296726226806641
0.6584311127662659
0.6750702857971191
0.6362735629081726
0.6309424042701721
0.6171707510948181
0.6568108797073364
0.5904200077056885
0.6026662588119507
0.5925512313842773
0.6462966799736023
0.638994574546814
0.671364426612854
0.6221345663070679
0.6691787242889404
0.6133896708488464
0.6711167693138123
0.6793835759162903
0.4952220916748047
0.6321880221366882
0.5970313549041748
0.3991951048374176
0.6883448362350464
0.6721003651618958
0.6456047892570496
0.6338865756988525
0.6236687302589417
0.602423369884491
0.5259446501731873
0.6202517151832581
0.6949809789657593
0.6398333311080933
0.5752214193344116
0.6179094910621643
0.5837116837501526
0.6098747253417969
0.6347827911376953
0.65694260597229
0.6124461889266968
0.6410622000694275
0.6096650958061218
0.6221749186515808
0.6749972701072693
0.6237878799438477
0.6309163570404053
0.662803590297699
0.6419906616210938
0.6312832236289978
0.6527677774429321
0.6674415469169617
0.5185795426368713
0.5740662217140198
0.677025318145752
0.6239577531814575
0.6592462658882141
0.6051978468894958
0.6245859265327454
0.6401099562644958
0.5957504510879517
0.5028621554374695
0.656715989112854
0.6432542204856873
0.6123661398887634
0.6298884749412537
0.6689170598983765
0.6256794929504395
0.6361007690429688
0.6721634864807129
0.5926368832588196
0.6506673097610474
0.5549057722091675
0.5982508063316345
0.5962703227996826
0.621699333190918
0.6548924446105957
0.4802014231681824
0.5736600756645203
0.6684054136276245
0.6066475510597229
0.6564090251922607
0.6831479072570801
0.6190610527992249
0.6470038294792175
0.6183974146842957
0.6473951935768127
0.6152932047843933
0.5015478730201721
0.5908434987068176
0.5687287449836731
0.597867488861084
0.6744832992553711
0.6542961597442627
0.6347039341926575
0.6341763138771057
0.5847830772399902
0.5873749256134033
0.6789876818656921
0.601320743560791
0.635874330997467
0.6100446581840515
0.635905921459198
0.5624083876609802
0.5743193030357361
0.6430680751800537
0.5047235488891602
0.7102276682853699
0.7006206512451172
0.4875528812408447
0.7102502584457397
0.690608561038971
0.6284921765327454
0.6477442979812622
0.6068121194839478
0.627483069896698
0.5812216997146606
0.6077418923377991
0.5987816452980042
0.6216167211532593
0.603090763092041
0.5730166435241699
0.6201805472373962
0.6169697046279907
0.7166682481765747
0.6397529244422913
0.46506932377815247
0.6556693911552429
0.6606858372688293
0.5910365581512451
0.6271663904190063
0.667373538017273
0.6999310851097107
0.569562554359436
0.6059205532073975
0.6840694546699524
0.5437494516372681
0.5913610458374023
0.6977405548095703
0.642834484577179
0.6418722867965698
0.6646318435668945
0.596315860748291
0.6553671956062317
0.6402526497840881
0.5822491645812988
0.544658899307251
0.6885004043579102
0.5591891407966614
0.6522579193115234
0.6129069924354553
0.6384400725364685
0.6609541773796082
0.652723491191864
0.6343930959701538
0.6512858867645264
0.44074833393096924
0.6699808239936829
0.6314736008644104
0.5963650345802307
0.6621153950691223
0.6096113324165344
0.6540608406066895
0.6386678814888
0.6563946008682251
0.6341231465339661
0.5759549140930176
0.6100118160247803
0.5771497488021851
0.5884464383125305
0.6157732009887695
0.6995879411697388
0.5645564198493958
0.6642350554466248
0.6347095370292664
0.691285252571106
0.5735477805137634
0.6860107183456421
0.6241732835769653
0.6589973568916321
0.5412529706954956
0.6463875770568848
0.6517523527145386
0.6653662919998169
0.6213572025299072
0.6103258728981018
0.5906184315681458
0.6560990214347839
0.625516414642334
0.5343713760375977
0.5912711024284363
0.6068699359893799
0.577089786529541
0.6794091463088989
0.7098312377929688
0.652326762676239
0.658537745475769
0.6049916744232178
0.4666402041912079
0.6305820345878601
0.6631665229797363
0.5952157974243164
0.6658128499984741
0.5499516129493713
0.6579089760780334
0.7039211392402649
0.6825163960456848
0.5903695225715637
0.6405860781669617
0.6454022526741028
0.6270956993103027
0.5580747723579407
0.6948299407958984
0.633261501789093
0.630053699016571
0.5852494239807129
0.6600279211997986
0.4996143579483032
0.6044042706489563
0.6364552974700928
0.5928989052772522
0.6756621599197388
0.6333022713661194
0.6677526831626892
0.608008861541748
0.6177029013633728
0.6297538876533508
0.5852895975112915
0.6210190057754517
0.5570123195648193
0.6348345875740051
0.5852282047271729
0.6645394563674927
0.7010124921798706
0.672798216342926
0.6315416097640991
0.6309124827384949
0.611606776714325
0.6426220536231995
0.565767228603363
0.5698328614234924
0.5974645614624023
0.6810107827186584
0.5342399477958679
0.6670286059379578
0.7005530595779419
0.6362996697425842
0.6726208329200745
0.632074773311615
0.5861204862594604
0.6112356781959534
0.5832187533378601
0.6278594732284546
0.6914610862731934
0.5022727847099304
0.4531008303165436
0.6208463907241821
0.7191087007522583
0.5790380239486694
0.6982525587081909
0.6135504841804504
0.6807186603546143
0.6707510948181152
0.6774262189865112
0.5660978555679321
0.6227071285247803
0.6632402539253235
0.6606059074401855
0.6209805011749268
0.5765581727027893
0.6545881628990173
0.6455048322677612
0.6335946321487427
0.6481449007987976
0.5851238369941711
0.6754535436630249
0.6091878414154053
0.6739861369132996
0.6004838943481445
0.5996280312538147
0.6911371350288391
0.6348258852958679
0.5287802219390869
0.6160444021224976
0.6131730079650879
0.6437186598777771
0.6229060292243958
0.6705361604690552
0.6393571496009827
0.5654125213623047
0.6543445587158203
0.6071420311927795
0.6005800366401672
0.6476877331733704
0.6655300259590149
0.6540443301200867
0.6271390318870544
0.6445345282554626
0.649172842502594
0.649926483631134
0.6225689053535461
0.6345970034599304
0.5891276597976685
0.5935820937156677
0.6584086418151855
0.664480447769165
0.6096989512443542
0.6213625073432922
0.640600860118866
0.6041613817214966
0.6213487386703491
0.551285982131958
0.6294834613800049
0.6471667289733887
0.6517528295516968
0.6319207549095154
0.694366991519928
0.39175137877464294
0.6558330655097961
0.6341730952262878
0.628362238407135
0.6703872680664062
0.6743158102035522
0.4334542453289032
0.6619610786437988
0.6206099390983582
0.5033301115036011
0.6454165577888489
0.603093147277832
0.5635331869125366
0.6716360449790955
0.6156899333000183
0.6287310123443604
0.7019309401512146
0.712958037853241
0.656375527381897
0.6768028140068054
0.6227723360061646
0.5503280162811279
0.6355943083763123
0.6636574864387512
0.6050744652748108
0.5906884074211121
0.6030204892158508
0.6956561207771301
0.6038097143173218
0.6804513335227966
0.6002379655838013
0.6184084415435791
0.6440073847770691
0.6220751404762268
0.5149635076522827
0.5270597338676453
0.5514972805976868
0.6327007412910461
0.6557025909423828
0.6623277068138123
0.6274828314781189
0.6737986207008362
0.6297563910484314
0.6288098692893982
0.5539701581001282
0.5864508152008057
0.6382780075073242
0.6446313858032227
0.6310386657714844
0.6537047028541565
0.5994471907615662
0.6456246376037598
0.526117205619812
0.6038381457328796
0.5821477174758911
0.5635331869125366
0.5490493178367615
0.6444225311279297
0.6382525563240051
0.6779756546020508
0.5974044799804688
0.6439839005470276
0.5785857439041138
0.46311718225479126
0.6656851768493652
0.5921558141708374
0.6770121455192566
0.6604263782501221
0.5352120995521545
0.6164031028747559
0.6017674207687378
0.6559882164001465
0.6648085117340088
0.6620875597000122
0.6386879682540894
0.6120015978813171
0.6604047417640686
0.6188631653785706
0.6277533769607544
0.5640119910240173
0.5865060091018677
0.6187937259674072
0.5194935202598572
0.3823647201061249
0.6906875967979431
0.5756574273109436
0.6298639178276062
0.5953876972198486
0.6438455581665039
0.5372597575187683
0.7233080267906189
0.49511125683784485
0.6667650938034058
0.6034799814224243
0.5972680449485779
0.5987896919250488
0.595858097076416
0.5660961866378784
0.6133661866188049
0.5000842809677124
0.5325835347175598
0.656934380531311
0.6228190064430237
0.5983067154884338
0.6593533158302307
0.6544885635375977
0.6906945109367371
0.5638261437416077
0.6655809879302979
0.6486900448799133
0.5157060623168945
0.641075074672699
0.5840853452682495
0.607787549495697
0.6549264192581177
0.6544373631477356
0.5811849236488342
0.627362847328186
0.597036600112915
0.6053847074508667
0.6707112193107605
0.6267485618591309
0.6663685441017151
0.6143602132797241
0.6406031250953674
0.6291697025299072
0.6068809628486633
0.6323981285095215
0.5674096941947937
0.588104248046875
0.6321855783462524
0.6663880348205566
0.6494612693786621
0.6347557902336121
0.5768583416938782
0.6327847838401794
0.5958212614059448
0.5803382992744446
0.5967076420783997
0.5955588221549988
0.6087731719017029
0.5992128252983093
0.6134093999862671
0.5644001960754395
0.656327486038208
0.6089674234390259
0.6845968961715698
0.6277749538421631
0.6379537582397461
0.6270536184310913
0.6393324732780457
0.5610865354537964
0.6895104050636292
0.7230638861656189
0.6348211765289307
0.31958451867103577
0.5995354056358337
0.5839105844497681
0.6023489832878113
0.6291272044181824
0.26642149686813354
0.5868015885353088
0.6233754754066467
0.5644001960754395
0.6769846081733704
0.632002592086792
0.6152177453041077
0.6436050534248352
0.6265962719917297
0.6364445686340332
0.6282355785369873
0.6994343996047974
0.5902246236801147
0.6438766717910767
0.6157285571098328
0.6432567238807678
0.5207779407501221
0.7122867703437805
0.6299853920936584
0.6332247257232666
0.7138572335243225
0.6581761837005615
0.6082877516746521
0.6408214569091797
0.6106597781181335
0.6414258480072021
0.6082288026809692
0.702795147895813
0.6494513154029846
0.5640627145767212
0.6055173873901367
0.6363940238952637
0.6711392402648926
0.5644001960754395
0.6257192492485046
0.5605002641677856
0.6088503003120422
0.5968546271324158
0.6228080987930298
0.6290857791900635
0.5926538705825806
0.5931035280227661
0.6662538647651672
0.6649101972579956
0.6450124979019165
0.5937269330024719
0.6395090818405151
0.6641451716423035
0.6749777793884277
0.6129432320594788
0.7076529860496521
0.49239182472229004
0.6388726234436035
0.590104341506958
0.636589765548706
0.5849205851554871
0.6227798461914062
0.6280510425567627
0.6276739239692688
0.663331151008606
0.6075825095176697
0.5745733976364136
0.7233501672744751
0.5931735634803772
0.5369430184364319
0.645955502986908
0.5606656074523926
0.6163899302482605
0.6220948100090027
0.5338319540023804
0.5907219052314758
0.632821798324585
0.6457312107086182
0.565198540687561
0.7079398036003113
0.6179006695747375
0.6626046299934387
0.6032058596611023
0.5946635007858276
0.6186637878417969
0.43136271834373474
0.6318840384483337
0.654629111289978
0.5936248898506165
0.6297723650932312
0.5883787274360657
0.5371954441070557
0.7217150330543518
0.5814393162727356
0.6014528870582581
0.6016525626182556
0.6705312132835388
0.6763415932655334
0.6307307481765747
0.5703513026237488
0.6070536375045776
0.6363359093666077
0.6155509352684021
0.6369117498397827
0.6041432619094849
0.6479321718215942
0.6739277243614197
0.5725621581077576
0.5879495739936829
0.5484352111816406
0.5378373861312866
0.7623405456542969
0.48703232407569885
0.6197205781936646
0.659704864025116
0.6592800617218018
0.6456944346427917
0.5301393270492554
0.7039211392402649
0.5652145743370056
0.6096333265304565
0.6168872714042664
0.6013551950454712
0.6305532455444336
0.6364917755126953
0.47712382674217224
0.6636388897895813
0.7101067304611206
0.6731570959091187
0.6066312789916992
0.5473882555961609
0.6464211344718933
0.6476146578788757
0.642760157585144
0.6513544917106628
0.613627016544342
0.5902001261711121
0.6510589122772217
0.6293595433235168
0.6097586154937744
0.6618491411209106
0.6449021100997925
0.6571575999259949
0.5965155363082886
0.6083120703697205
0.674655020236969
0.6641511917114258
0.6706694960594177
0.6313115954399109
0.6585296988487244
0.5764216780662537
0.6133275032043457
0.6715101003646851
0.5722568035125732
0.57125324010849
0.5733272433280945
0.4081960618495941
0.5593582987785339
0.6527626514434814
0.6549603939056396
0.6345206499099731
0.5643614530563354
0.6335763335227966
0.6385520100593567
0.590071439743042
0.6079805493354797
0.6215030550956726
0.5753536820411682
0.6083568334579468
0.5887706875801086
0.5380716323852539
0.5250654816627502
0.6085373163223267
0.6172950267791748
0.6493179798126221
0.5904448628425598
0.5268645286560059
0.6076363921165466
0.5865510106086731
0.6043266654014587
0.6106663942337036
0.6425561904907227
0.6236845850944519
0.6179476976394653
0.5391426086425781
0.5881036520004272
0.659608006477356
0.6001147627830505
0.5525621175765991
0.6109614968299866
0.5624784827232361
0.5644001960754395
0.6269265413284302
0.6201044321060181
0.6267943382263184
0.6312622427940369
0.6102242469787598
0.5764809846878052
0.6396626830101013
0.6811655759811401
0.6476047039031982
0.6078044176101685
0.6429075598716736
0.6404412388801575
0.5645456314086914
0.614874541759491
0.5993452072143555
0.5795958638191223
0.599895715713501
0.6881656646728516
0.6593483090400696
0.6792622804641724
0.5541594624519348
0.6151924729347229
0.6338582038879395
0.6209871768951416
0.5586299896240234
0.5966235995292664
0.6024606227874756
0.5998916625976562
0.6296379566192627
0.6100276112556458
0.6127120852470398
0.6054878830909729
0.5827425122261047
0.5960468053817749
0.6340163350105286
0.6728958487510681
0.6235532164573669
0.6474394202232361
0.6064765453338623
0.6245446801185608
0.6460742950439453
0.5273772478103638
0.6100916862487793
0.625434398651123
0.6757252216339111
0.5673652291297913
0.4067034125328064
0.637819230556488
0.5427520871162415
0.5613599419593811
0.42000871896743774
0.6218176484107971
0.6543745994567871
0.6401417255401611
0.4406493008136749
0.6296395659446716
0.6578156352043152
0.6560975909233093
0.6898679137229919
0.65840744972229
0.6330631375312805
0.6979311108589172
0.5789862275123596
0.6752751469612122
0.6658601760864258
0.6695818305015564
0.6384544968605042
0.5822361707687378
0.5644001960754395
0.6009334325790405
0.5988991856575012
0.6448653936386108
0.5950577259063721
0.6557288765907288
0.6507810354232788
0.6288960576057434
0.6077498197555542
0.532680094242096
0.6113862991333008
0.6759668588638306
0.6702672839164734
0.627934455871582
0.6418359875679016
0.6389312744140625
0.6142305731773376
0.613361120223999
0.6660100817680359
0.5605286955833435
0.6411694884300232
0.6377378702163696
0.5844519734382629
0.6562250256538391
0.6011707782745361
0.6983333230018616
0.6554660201072693
0.6628429889678955
0.5530813932418823
0.6456316709518433
0.5753359198570251
0.6067816019058228
0.6843827962875366
0.595539391040802
0.607269823551178
0.579990029335022
0.6524723172187805
0.6018772721290588
0.670929491519928
0.6102749109268188
0.6210494637489319
0.6765838265419006
0.5644001960754395
0.5786281228065491
0.6000885367393494
0.6433482766151428
0.6416114568710327
0.4274396002292633
0.6088551878929138
0.6403325200080872
0.6512135863304138
0.5908674001693726
0.7002646923065186
0.6569545269012451
0.508608877658844
0.5973070859909058
0.6380050778388977
0.6159376502037048
0.6005578637123108
0.5826250314712524
0.6304422616958618
0.6711130142211914
0.6276382803916931
0.5888247489929199
0.6428433060646057
0.6324615478515625
0.6367815136909485
0.6288270354270935
0.684043288230896
0.5787450671195984
0.5559127926826477
0.6866164207458496
0.677935004234314
0.6979344487190247
0.5445337891578674
0.5803382992744446
0.6409099102020264
0.6663703918457031
0.7132484316825867
0.6255926489830017
0.6850882768630981
0.6328204274177551
0.528811514377594
0.4960567057132721
0.6640838384628296
0.5963150262832642
0.6352154612541199
0.5856499075889587
0.5784230828285217
0.5194061398506165
0.6538666486740112
0.6060312390327454
0.6635124683380127
0.619132936000824
0.636827826499939
0.6551068425178528
0.4997290372848511
0.6296417117118835
0.6547671556472778
0.6700960993766785
0.6410307884216309
0.5590581297874451
0.6250782608985901
0.7039211392402649
0.5805723667144775
0.5975028872489929
0.6125666499137878
0.6666445136070251
0.6335201859474182
0.5843075513839722
0.6184262037277222
0.6273314356803894
0.6005048155784607
0.6250196695327759
0.6857801675796509
0.5909702181816101
0.6198753118515015
0.6538613438606262
0.6728500127792358
0.5374616384506226
0.6424799561500549
0.6446337699890137
0.6407341361045837
0.5738465189933777
0.6471913456916809
0.588430643081665
0.6460103392601013
0.5937961339950562
0.6405897736549377
0.6375130414962769
0.6179147362709045
0.6073179841041565
0.5921151638031006
0.6064395904541016
0.5955848693847656
0.6735910773277283
0.5876685976982117
0.6240057349205017
0.6436994075775146
0.5460384488105774
0.6081960797309875
0.6358993649482727
0.6869080662727356
0.5843561291694641
0.6191080212593079
0.689541757106781
0.698317289352417
0.6270201802253723
0.6431791186332703
0.6401681303977966
0.6361832618713379
0.5378455519676208
0.6428024768829346
0.6453527212142944
0.7039608955383301
0.5975497961044312
0.6187222599983215
0.5354174375534058
0.5810439586639404
0.6273622512817383
0.6181586980819702
0.5770457983016968
0.6808218359947205
0.5988673567771912
0.604059636592865
0.6886933445930481
0.6933320760726929
0.5858588218688965
0.6329268217086792
0.5662539005279541
0.5143980383872986
0.4338840842247009
0.5853637456893921
0.6420559287071228
0.6530520915985107
0.5976980328559875
0.6302483677864075
0.6194427013397217
0.5364135503768921
0.5803382992744446
0.6651352047920227
0.7025413513183594
0.4976699650287628
0.620171308517456
0.6325668096542358
0.6189516186714172
0.6155004501342773
0.6309747695922852
0.5472583770751953
0.6961923837661743
0.5942568182945251
0.6534532308578491
0.6044155359268188
0.6564157009124756
0.6532923579216003
0.5964232683181763
0.5615288019180298
0.5598041415214539
0.5963560938835144
0.617207944393158
0.6524676084518433
0.594025194644928
0.6576384902000427
0.661221444606781
0.6440392732620239
0.6763415932655334
0.6717742681503296
0.6319155097007751
0.5704008936882019
0.6024366021156311
0.6260309219360352
0.6810341477394104
0.6472920179367065
0.6098862290382385
0.6220948100090027
0.6557314395904541
0.6777578592300415
0.6011083722114563
0.5703560709953308
0.6494532227516174
0.6376078724861145
0.5051270723342896
0.4427201449871063
0.603002667427063
0.5305556654930115
0.6402196884155273
0.5594520568847656
0.6116361618041992
0.49177324771881104
0.4271117150783539
0.590632975101471
0.5780380368232727
0.601347029209137
0.5645184516906738
0.6585941314697266
0.6199451684951782
0.42548829317092896
0.5483989119529724
0.5937050580978394
0.5917192697525024
0.6259665489196777
0.6153067350387573
0.566369354724884
0.5233588814735413
0.6447027325630188
0.5948920249938965
0.6452126502990723
0.5764405727386475
0.6111040115356445
0.6936466097831726
0.7191270589828491
0.569980263710022
0.6862292885780334
0.6332463026046753
0.6437605023384094
0.6539994478225708
0.4834193289279938
0.5974082350730896
0.4139452278614044
0.6443735361099243
0.7340778112411499
0.5958765149116516
0.7272761464118958
0.5564171075820923
0.5455635190010071
0.6314572691917419
0.6403999328613281
0.5949433445930481
0.6763415932655334
0.6188328862190247
0.6306496858596802
0.6032324433326721
0.6503808498382568
0.6867666244506836
0.6201715469360352
0.649228036403656
0.6181933283805847
0.6190392971038818
0.6003558039665222
0.5704008936882019
0.5925403237342834
0.6169388294219971
0.6397804021835327
0.7672492861747742
0.6367002129554749
0.6057462692260742
0.5659590363502502
0.5505412220954895
0.611091673374176
0.6382160186767578
0.6284599900245667
0.6299975514411926
0.627689778804779
0.6423220634460449
0.6828911900520325
0.6446304321289062
0.638992428779602
0.648844301700592
0.63625168800354
0.6164150834083557
0.6097012758255005
0.642368495464325
0.6596265435218811
0.6075854301452637
0.600782573223114
0.5919660925865173
0.6670304536819458
0.5777059197425842
0.6330283284187317
0.659814715385437
0.6887218952178955
0.6512635946273804
0.6382355690002441
0.6835453510284424
0.6116071343421936
0.621921718120575
0.6592057347297668
0.6618747115135193
0.6559872031211853
0.6216074228286743
0.5704795122146606
0.6498884558677673
0.5427867770195007
0.6658686995506287
0.6121504902839661
0.5058340430259705
0.6874213218688965
0.6249075531959534
0.6315850615501404
0.5868479609489441
0.5896122455596924
0.5932607054710388
0.6291096210479736
0.5849494338035583
0.6159821152687073
0.6198053359985352
0.5755852460861206
0.5248847007751465
0.581291139125824
0.6137784123420715
0.5216224193572998
0.6349942088127136
0.6032467484474182
0.6755794882774353
0.5644001960754395
0.71205735206604
0.6314788460731506
0.631014883518219
0.6476182341575623
0.6242756843566895
0.6663510203361511
0.5881561040878296
0.6150938272476196
0.6281964182853699
0.5782013535499573
0.7309277653694153
0.578113853931427
0.6212350726127625
0.6062800288200378
0.6411579847335815
0.6125074625015259
0.658531129360199
0.6155983209609985
0.6088109612464905
0.6195939183235168
0.6004845499992371
0.6806830167770386
0.6227042078971863
0.5631041526794434
0.5902291536331177
0.5733460783958435
0.6225435733795166
0.647929310798645
0.6632711887359619
0.5797284245491028
0.6125128269195557
0.6026716828346252
0.6206955909729004
0.6435891389846802
0.5486777424812317
0.6286325454711914
0.3620058596134186
0.6072604656219482
0.5684242844581604
0.6093105673789978
0.60719895362854
0.5859301090240479
0.6185137033462524
0.5869683623313904
0.689005434513092
0.6346797943115234
0.5812376141548157
0.6012450456619263
0.5644001960754395
0.6603586673736572
0.642430305480957
0.6510952711105347
0.6009490489959717
0.5807957649230957
0.5281637907028198
0.6195347905158997
0.6475557088851929
0.5800317525863647
0.6028934121131897
0.6102069616317749
0.644157886505127
0.613269567489624
0.6113554239273071
0.646855354309082
0.5778670310974121
0.5703558325767517
0.5997674465179443
0.650820255279541
0.6875686049461365
0.6759892106056213
0.6173410415649414
0.6450141668319702
0.6210401654243469
0.5289704203605652
0.6305564641952515
0.5774568319320679
0.5395108461380005
0.6099857687950134
0.591754674911499
0.6023959517478943
0.5544883012771606
0.5826449990272522
0.6018283367156982
0.6674278378486633
0.615804135799408
0.608947217464447
0.567683219909668
0.4671785831451416
0.645912230014801
0.6533126831054688
0.6062923073768616
0.6012864708900452
0.6959413290023804
0.6312078237533569
0.5201528072357178
0.6186332702636719
0.6570995450019836
0.5990244150161743
0.6366766095161438
0.6266092658042908
0.659609317779541
0.6265701055526733
0.6152432560920715
0.6007944941520691
0.6191457509994507
0.5623572468757629
0.5440868735313416
0.6169041395187378
0.6118624806404114
0.478667676448822
0.7039211392402649
0.6352616548538208
0.6261345148086548
0.6136966943740845
0.6130195260047913
0.4998190701007843
0.6318075656890869
0.4566819667816162
0.6292550563812256
0.6949869394302368
0.5880297422409058
0.6526318192481995
0.6027693748474121
0.635578989982605
0.5740311145782471
0.6171707510948181
0.6426485180854797
0.627151608467102
0.6337751746177673
0.5714587569236755
0.6729815006256104
0.5341750383377075
0.6686821579933167
0.6476786732673645
0.6520469188690186
0.6196804642677307
0.6159152388572693
0.6133319735527039
0.660331130027771
0.6364599466323853
0.46538877487182617
0.6174715757369995
0.6188948154449463
0.5544881820678711
0.612105131149292
0.628961443901062
0.5643936991691589
0.6093170046806335
0.5771925449371338
0.38101130723953247
0.520257294178009
0.5947282314300537
0.6031836271286011
0.5703560709953308
0.631212592124939
0.5754603147506714
0.5955268740653992
0.4709813892841339
0.5863797664642334
0.5985422730445862
0.6358639001846313
0.6361532807350159
0.6107269525527954
0.6554974317550659
0.5749209523200989
0.3583807349205017
0.6836251616477966
0.6485838294029236
0.6178640723228455
0.6960911154747009
0.599970281124115
0.6075520515441895
0.659237265586853
0.5771287679672241
0.642293393611908
0.5620442628860474
0.6204466223716736
0.6396888494491577
0.6037192344665527
0.6198074817657471
0.6456952691078186
0.5910442471504211
0.6350500583648682
0.5940343737602234
0.6413500905036926
0.6324054598808289
0.5937618613243103
0.7038347721099854
0.5065715909004211
0.5731727480888367
0.6519629955291748
0.5644001960754395
0.44461050629615784
0.6000130772590637
0.6266092658042908
0.6586235761642456
0.643394947052002
0.42124173045158386
0.6640915274620056
0.6659432053565979
0.6748475432395935
0.5738808512687683
0.6203577518463135
0.6401426196098328
0.5898348689079285
0.5887899398803711
0.6204161047935486
0.579548180103302
0.7069765329360962
0.6099686026573181
0.6708524823188782
0.6651310324668884
0.6645952463150024
0.622214138507843
0.5269019603729248
0.6174076795578003
0.6292107701301575
0.6168060898780823
0.6469751000404358
0.6686190962791443
0.540730893611908
0.5624349117279053
0.6225904822349548
0.5868107676506042
0.6624835729598999
0.5719097256660461
0.6210989952087402
0.6610309481620789
0.4045695662498474
0.5831849575042725
0.6649649739265442
0.5498379468917847
0.6378245949745178
0.5979092121124268
0.6798869371414185
0.7158622741699219
0.5336177945137024
0.6197692155838013
0.653634786605835
0.6672665476799011
0.6974598169326782
0.5961276888847351
0.5963767766952515
0.6321044564247131
0.6055748462677002
0.6888274550437927
0.6017672419548035
0.6761656999588013
0.6315617561340332
0.6454583406448364
0.6241163611412048
0.40104493498802185
0.665642261505127
0.652062714099884
0.6157869100570679
0.6182901263237
0.6192729473114014
0.6721885204315186
0.6035425066947937
0.6587580442428589
0.6209871768951416
0.646817684173584
0.6542937159538269
0.6318134069442749
0.5936317443847656
0.633860170841217
0.5990861654281616
0.6296200752258301
0.6092100739479065
0.6497163772583008
0.48138344287872314
0.6123424172401428
0.6254611611366272
0.5752241611480713
0.6266092658042908
0.6415191292762756
0.6706435084342957
0.5959521532058716
0.6274523735046387
0.5008299946784973
0.5943678021430969
0.6332927346229553
0.5421497225761414
0.5803382992744446
0.5653150081634521
0.6525855660438538
0.606536328792572
0.639990508556366
0.6208674907684326
0.5935258865356445
0.5885021686553955
0.6461068391799927
0.6609867811203003
0.6433825492858887
0.619432806968689
0.6860162615776062
0.6399391293525696
0.5999288558959961
0.5599103569984436
0.5846738219261169
0.6298233866691589
0.6401386857032776
0.7156568169593811
0.6099957823753357
0.6348279714584351
0.6957992315292358
0.6235675811767578
0.6553724408149719
0.616837739944458
0.6458341479301453
0.6214898824691772
0.580310046672821
0.7039211392402649
0.572193443775177
0.5879605412483215
0.5990457534790039
0.6130695939064026
0.5553169846534729
0.6111592650413513
0.5846208930015564
0.5767900943756104
0.6557266116142273
0.6112024188041687
0.5705586671829224
0.6294483542442322
0.5751663446426392
0.5906460285186768
0.5353009700775146
0.6470455527305603
0.64176344871521
0.6088810563087463
0.6542930006980896
0.6699209213256836
0.6365565061569214
0.5803382992744446
0.615555465221405
0.6887788772583008
0.5038237571716309
0.49104973673820496
0.6045756340026855
0.6138877868652344
0.5694173574447632
0.6682924032211304
0.6256654858589172
0.6334672570228577
0.5936350226402283
0.578265368938446
0.5456002950668335
0.5850092768669128
0.5454697608947754
0.5995922088623047
0.569638729095459
0.5947584509849548
0.578163743019104
0.6102463006973267
0.6177366375923157
0.6766650080680847
0.5648983120918274
0.6671983003616333
0.5892366170883179
0.6411741971969604
0.5563806891441345
0.6418906450271606
0.5684242844581604
0.586966872215271
0.5858091115951538
0.6068426370620728
0.579879641532898
0.6174149513244629
0.5979017615318298
0.6525344252586365
0.7103797793388367
0.6399140357971191
0.6896746754646301
0.6220285892486572
0.6482709646224976
0.6821951866149902
0.673137903213501
0.6392683982849121
0.6601222157478333
0.5912717580795288
0.6432705521583557
0.5440164804458618
0.6289598941802979
0.594724178314209
0.6114746332168579
0.62336266040802
0.6122134923934937
0.5056262612342834
0.5658078789710999
0.6007422208786011
0.5790106058120728
0.6040413975715637
0.5753061771392822
0.6469285488128662
0.6450353860855103
0.6142408847808838
0.5967952609062195
0.6351815462112427
0.6144617795944214
0.6760343313217163
0.6386620998382568
0.6105162501335144
0.5939757823944092
0.5943372249603271
0.7082667350769043
0.6043894290924072
0.5523626804351807
0.5591511726379395
0.6182886958122253
0.5705353021621704
0.6060565114021301
0.6238908171653748
0.5984824895858765
0.6491948962211609
0.3838508129119873
0.6424219608306885
0.5524174571037292
0.6100906133651733
0.6323424577713013
0.6701781153678894
0.6046764850616455
0.668868362903595
0.6266092658042908
0.637985348701477
0.5966980457305908
0.5474032163619995
0.6437506675720215
0.48723486065864563
0.658027172088623
0.6306242346763611
0.6351485252380371
0.6732219457626343
0.4765925109386444
0.6107966303825378
0.6140996217727661
0.6555646657943726
0.6152177453041077
0.6620528697967529
0.7095506191253662
0.6609871983528137
0.6079854965209961
0.6147361993789673
0.6538800597190857
0.5559028387069702
0.5422894358634949
0.6223652362823486
0.6066646575927734
0.6983333230018616
0.6148509383201599
0.6410093307495117
0.5319393277168274
0.625320315361023
0.6613445281982422
0.4803958833217621
0.6190624833106995
0.6608754992485046
0.6154111623764038
0.5825493335723877
0.5696576833724976
0.626952588558197
0.6236870884895325
0.6783061623573303
0.6043610572814941
0.6084822416305542
0.6983647346496582
0.6127596497535706
0.5914338827133179
0.6255254745483398
0.635883629322052
0.6229472756385803
0.6304053068161011
0.705625057220459
0.6276100873947144
0.6242098808288574
0.6176807284355164
0.6203144192695618
0.6853910684585571
0.6840390563011169
0.48686161637306213
0.5675500631332397
0.6291588544845581
0.5605754256248474
0.6635693907737732
0.6480469107627869
0.6576769351959229
0.6560744047164917
0.6171879768371582
0.6290872097015381
0.6366927027702332
0.6186835765838623
0.6920141577720642
0.44135189056396484
0.6676836013793945
0.6276916861534119
0.5932395458221436
0.571309506893158
0.6361637711524963
0.5062558650970459
0.45689278841018677
0.6535224318504333
0.6364250779151917
0.5876741409301758
0.6249215602874756
0.6951131820678711
0.6939624547958374
0.47476571798324585
0.6023217439651489
0.6645854711532593
0.5669255256652832
0.5990115404129028
0.6088353395462036
0.5870921611785889
0.6797838807106018
0.7025780081748962
0.5771287679672241
0.6268254518508911
0.6623010039329529
0.6173316240310669
0.5669320821762085
0.5930199027061462
0.5440213084220886
0.5331072807312012
0.5228138566017151
0.6159384250640869
0.6177466511726379
0.275529146194458
0.5847154259681702
0.5768857598304749
0.6752931475639343
0.5620245933532715
0.5729150176048279
0.5607858896255493
0.6367981433868408
0.5925740599632263
0.6315152645111084
0.6398190855979919
0.606473982334137
0.6074889898300171
0.5829813480377197
0.6307784914970398
0.6124324202537537
0.6359546780586243
0.6653134226799011
0.6507475972175598
0.4768070876598358
0.5956902503967285
0.6599124670028687
0.5645078420639038
0.6547166109085083
0.640192449092865
0.623871386051178
0.5489617586135864
0.6574934720993042
0.6530275940895081
0.6384713649749756
0.6112485527992249
0.7087862491607666
0.625555694103241
0.6104400753974915
0.639295220375061
0.650187075138092
0.7030051946640015
0.5656092166900635
0.6510589122772217
0.6717473268508911
0.5825716853141785
0.630368709564209
0.5895404815673828
0.6575354337692261
0.6336941719055176
0.6518228650093079
0.6240833401679993
0.5956400036811829
0.5043246746063232
0.4444979727268219
0.6901180148124695
0.636971652507782
0.6100468635559082
0.5865209698677063
0.668584406375885
0.5117670297622681
0.6246404647827148
0.5342466831207275
0.5107368230819702
0.5763593912124634
0.6008787751197815
0.6641221046447754
0.649400532245636
0.6453170776367188
0.6618584990501404
0.5408508777618408
0.6238056421279907
0.5428389310836792
0.44698280096054077
0.64717036485672
0.6384026408195496
0.6130982637405396
0.627988338470459
0.5502476692199707
0.4991370737552643
0.6527234315872192
0.5938273668289185
0.4555051922798157
0.5706401467323303
0.41567349433898926
0.7007803916931152
0.598639190196991
0.5890681147575378
0.6182991862297058
0.6578633785247803
0.6190287470817566
0.6623849868774414
0.6919137239456177
0.547390341758728
0.6353705525398254
0.5585659146308899
0.564211368560791
0.6626046299934387
0.586794912815094
0.5223057866096497
0.661692202091217
0.5803382992744446
0.6129762530326843
0.6001942753791809
0.6385527849197388
0.6733718514442444
0.6968178749084473
0.6608522534370422
0.7146080732345581
0.6121570467948914
0.630432665348053
0.5751883387565613
0.6525880098342896
0.4233274757862091
0.5749006867408752
0.5804526209831238
0.5409228801727295
0.6756513118743896
0.49797874689102173
0.6844401359558105
0.6500763297080994
0.6344056725502014
0.6361377239227295
0.6845545172691345
0.6582431793212891
0.6141072511672974
0.6439412832260132
0.6257192492485046
0.6835286617279053
0.5771287679672241
0.6621305346488953
0.5950591564178467
0.6733137965202332
0.6001370549201965
0.6118884682655334
0.6266092658042908
0.6337674260139465
0.6462907195091248
0.6305307149887085
0.6767303943634033
0.6622355580329895
0.6141872406005859
0.6147768497467041
0.6079081296920776
0.6200452446937561
0.661990225315094
0.6372392773628235
0.6337507963180542
0.6047749519348145
0.6361180543899536
0.5915351510047913
0.6620129942893982
0.6138513088226318
0.47240710258483887
0.6386013031005859
0.5835466384887695
0.5118422508239746
0.5354407429695129
0.672972559928894
0.45997118949890137
0.6521181464195251
0.5865028500556946
0.6083076596260071
0.6484357714653015
0.7171445488929749
0.597506582736969
0.6645872592926025
0.5670768618583679
0.6717271208763123
0.4944378137588501
0.6703290343284607
0.6340163350105286
0.5706241130828857
0.6225095987319946
0.6232276558876038
0.5776670575141907
0.6292390823364258
0.528373658657074
0.616834282875061
0.5549492239952087
0.6533094644546509
0.6763415932655334
0.6440424919128418
0.5318015813827515
0.6001100540161133
0.651299238204956
0.5376483798027039
0.5186293125152588
0.6432768702507019
0.5946178436279297
0.5915093421936035
0.6442139744758606
0.6550639867782593
0.5005102753639221
0.5194574594497681
0.6257947087287903
0.7101864814758301
0.305801123380661
0.6109206080436707
0.5733463168144226
0.5528760552406311
0.6291030049324036
0.5936873555183411
0.64723140001297
0.6896037459373474
0.5867663025856018
0.6223341822624207
0.6307170987129211
0.6640796065330505
0.5244687795639038
0.5607375502586365
0.7148677706718445
0.5603300929069519
0.4893251359462738
0.5463092923164368
0.6062711477279663
0.5314441323280334
0.5915396809577942
0.592082679271698
0.5032629370689392
0.5450422167778015
0.5913670063018799
0.6008334159851074
0.5933254957199097
0.6108453869819641
0.547804057598114
0.6568089723587036
0.5310624837875366
0.6483246088027954
0.5536127090454102
0.6086008548736572
0.647620439529419
0.6317518949508667
0.6140276789665222
0.6962491869926453
0.6700686812400818
