0.5792181491851807
0.6634790301322937
0.6275875568389893
0.6193280816078186
0.5653334259986877
0.7086285352706909
0.619546115398407
0.5159560441970825
0.6640009880065918
0.6040738821029663
0.6044945120811462
0.6427851915359497
0.5169945359230042
0.5278413891792297
0.6368886232376099
0.6823345422744751
0.647769033908844
0.6494099497795105
0.6048386693000793
0.5929909348487854
0.6718079447746277
0.5801772475242615
0.6888879537582397
0.586493730545044
0.6393543481826782
0.6314380764961243
0.5935139656066895
0.6352710127830505
0.6616232991218567
0.5098972916603088
0.6259955167770386
0.622085690498352
0.6167955994606018
0.6986045837402344
0.5076754689216614
0.4694118797779083
0.6730870008468628
0.5693351626396179
0.651592493057251
0.6361883878707886
0.7320468425750732
0.6985994577407837
0.6557043194770813
0.6585959792137146
0.6385614275932312
0.6127431988716125
0.5998257994651794
0.5987087488174438
0.6341567635536194
0.5315744876861572
0.6586503982543945
0.5256456732749939
0.588679313659668
0.7067049741744995
0.5795367360115051
0.6571142673492432
0.6445260643959045
0.6802340745925903
0.5857884287834167
0.6647173166275024
0.5644869208335876
0.5761240124702454
0.6406500935554504
0.6651712656021118
0.61365807056427
0.6357247233390808
0.6562654376029968
0.6208347678184509
0.6910459995269775
0.639636754989624
0.6388630867004395
0.6497592926025391
0.688101589679718
0.6129076480865479
0.6853803992271423
0.6465103030204773
0.5870326161384583
0.5833250284194946
0.57143634557724
0.6583062410354614
0.587543249130249
0.5889707803726196
0.6711065173149109
0.5842565894126892
0.6350696086883545
0.6629144549369812
0.5972517132759094
0.6949299573898315
0.6788925528526306
0.5922318696975708
0.638176679611206
0.5942133069038391
0.6306003928184509
0.5716040134429932
0.6355897784233093
0.556745707988739
0.5981488227844238
0.6116072535514832
0.6123324036598206
0.6049150228500366
0.626929759979248
0.6304284334182739
0.5247732996940613
0.6186610460281372
0.5887887477874756
0.6201333999633789
0.7110044360160828
0.6460316181182861
0.6726763844490051
0.6264186501502991
0.6301283836364746
0.6301501989364624
0.6426065564155579
0.5930976867675781
0.5169945359230042
0.5283883810043335
0.6002705097198486
0.4579986333847046
0.6619603633880615
0.6313161253929138
0.6628037095069885
0.5779755115509033
0.6529600620269775
0.642702043056488
0.6131146550178528
0.5921701788902283
0.6158650517463684
0.6508873701095581
0.626605749130249
0.5756912231445312
0.5531748533248901
0.6270380616188049
0.6510801911354065
0.6135915517807007
0.5586817264556885
0.6512035727500916
0.6398236155509949
0.5611502528190613
0.7335777282714844
0.6262269616127014
0.644152820110321
0.675052285194397
0.6460078954696655
0.6103580594062805
0.525417685508728
0.6734799742698669
0.5743035674095154
0.5559213161468506
0.666000485420227
0.6018455624580383
0.5830137729644775
0.6710973978042603
0.6130933165550232
0.6387826204299927
0.5931108593940735
0.5774776339530945
0.6151970624923706
0.6890109181404114
0.5581486225128174
0.6884210109710693
0.5943261981010437
0.7056923508644104
0.6412706971168518
0.6044812202453613
0.5922849178314209
0.6327059864997864
0.6094978451728821
0.640501856803894
0.5806647539138794
0.5959286093711853
0.6486373543739319
0.6080259084701538
0.6264320611953735
0.6610326170921326
0.6894987225532532
0.5693269371986389
0.6419495940208435
0.6054826974868774
0.6447343826293945
0.6264678835868835
0.6396540403366089
0.7116937637329102
0.6020960211753845
0.6169963479042053
0.6435458660125732
0.6052972674369812
0.6997414827346802
0.6750674247741699
0.6622907519340515
0.619268536567688
0.6087620854377747
0.6774026155471802
0.6605277061462402
0.647571861743927
0.6390283107757568
0.593205451965332
0.6710447072982788
0.6779019236564636
0.6188275814056396
0.6315783262252808
0.6427919864654541
0.6539395451545715
0.6461443901062012
0.6235164999961853
0.6257242560386658
0.5980779528617859
0.6586121916770935
0.7135354280471802
0.631445586681366
0.6361930966377258
0.6370255351066589
0.6168018579483032
0.5062096118927002
0.48524144291877747
0.6586885452270508
0.5735458135604858
0.6965258121490479
0.6641720533370972
0.6186546683311462
0.5744917392730713
0.6530981659889221
0.6394469141960144
0.5503173470497131
0.6437259316444397
0.5934215188026428
0.6140971779823303
0.6382378935813904
0.6332460641860962
0.6351767778396606
0.6027724146842957
0.6175054907798767
0.518517255783081
0.6069976687431335
0.6382737755775452
0.6263231635093689
0.6601346731185913
0.5734199285507202
0.5965526700019836
0.6322761178016663
0.5379615426063538
0.5812608599662781
0.6635794043540955
0.6795123815536499
0.6522284150123596
0.6284326910972595
0.4858900308609009
0.6159987449645996
0.5597631335258484
0.6707462668418884
0.5624581575393677
0.6068691611289978
0.5410309433937073
0.5908195376396179
0.5827460885047913
0.5365056395530701
0.6598684191703796
0.6474598050117493
0.6509587168693542
0.5759657621383667
0.6317541003227234
0.5772560834884644
0.6509586572647095
0.6137841939926147
0.600960910320282
0.5969350934028625
0.5803465843200684
0.6796442866325378
0.5436019897460938
0.4872201085090637
0.5338958501815796
0.630128800868988
0.6783645153045654
0.6696298122406006
0.6186925172805786
0.6080623269081116
0.6253540515899658
0.6214525699615479
0.5974029302597046
0.5928089022636414
0.6167694926261902
0.5951131582260132
0.6486814022064209
0.5484246611595154
0.5933637619018555
0.5623939037322998
0.6444101333618164
0.615009605884552
0.6180949807167053
0.5975130200386047
0.655924379825592
0.586493730545044
0.6814317107200623
0.7161405682563782
0.6280414462089539
0.5981488227844238
0.6766904592514038
0.6409854292869568
0.5948330163955688
0.6693693399429321
0.6441446542739868
0.6624248623847961
0.5862961411476135
0.6161741018295288
0.5980342030525208
0.6213176250457764
0.6223942041397095
0.5550335049629211
0.5834394097328186
0.6416416764259338
0.6324037313461304
0.6257699728012085
0.6186066269874573
0.6776814460754395
0.6249896883964539
0.6079580783843994
0.6195220947265625
0.6055513620376587
0.6364065408706665
0.5643879175186157
0.5921701788902283
0.6212469339370728
0.66162109375
0.7029831409454346
0.6009562611579895
0.630844235420227
0.6034567952156067
0.6374419331550598
0.6500732898712158
0.6399693489074707
0.6427980065345764
0.5523937344551086
0.6188574433326721
0.6363588571548462
0.6131592392921448
0.5701369643211365
0.5305958986282349
0.5812879204750061
0.5382564663887024
0.6449217200279236
0.7020167708396912
0.6640826463699341
0.6962902545928955
0.6424007415771484
0.6066785454750061
0.5917725563049316
0.5789956450462341
0.6061123609542847
0.6922273635864258
0.6162777543067932
0.619802713394165
0.6335558891296387
0.6643244624137878
0.628653883934021
0.6233689188957214
0.6235164999961853
0.5574097037315369
0.6303754448890686
0.6916976571083069
0.6294202208518982
0.6466819047927856
0.4988721013069153
0.5612136125564575
0.6545010209083557
0.5798813700675964
0.645226001739502
0.6567372679710388
0.64853435754776
0.531192421913147
0.5248843431472778
0.6631988883018494
0.7358323335647583
0.6043746471405029
0.6586328744888306
0.684587836265564
0.6435914039611816
0.6425197720527649
0.6282736659049988
0.6839178204536438
0.608559787273407
0.5294945240020752
0.6125675439834595
0.5411236882209778
0.6121705770492554
0.6401721835136414
0.732194721698761
0.6759430766105652
0.6205849647521973
0.6354807019233704
0.6180563569068909
0.70036780834198
0.637512743473053
0.5098462104797363
0.6717503070831299
0.6194451451301575
0.6528100371360779
0.6901293396949768
0.5988175272941589
0.6747483611106873
0.6787827610969543
0.6965867280960083
0.6067696809768677
0.5252491235733032
0.5431663990020752
0.6544021368026733
0.6661406755447388
0.6848354935646057
0.6106820106506348
0.5975492596626282
0.5936159491539001
0.5491502285003662
0.6543275713920593
0.5355233550071716
0.6837301254272461
0.6295090913772583
0.6664618253707886
0.6714531779289246
0.5345759391784668
0.6925355792045593
0.5832027792930603
0.6196678876876831
0.6478767991065979
0.5895952582359314
0.63205486536026
0.5304256081581116
0.5999666452407837
0.6173302531242371
0.6247579455375671
0.6103572845458984
0.5380938649177551
0.5704440474510193
0.6719737648963928
0.6438226699829102
0.6349213123321533
0.6694337725639343
0.6119256019592285
0.6576005816459656
0.5849552154541016
0.6003581881523132
0.5355233550071716
0.6401640772819519
0.6092351675033569
0.5506492257118225
0.6845905184745789
0.6698156595230103
0.5399362444877625
0.6161741018295288
0.6088531613349915
0.6292238831520081
0.5660881400108337
0.6196513175964355
0.6048609018325806
0.6249572038650513
0.6785513758659363
0.6281061768531799
0.5290106534957886
0.7019236087799072
0.6789538264274597
0.6522085070610046
0.6344196796417236
0.6441130042076111
0.6215046048164368
0.5903239846229553
0.6211934089660645
0.5924199223518372
0.5403044819831848
0.6853326559066772
0.6201807260513306
0.5904192328453064
0.586493730545044
0.6049449443817139
0.6103522181510925
0.6220111846923828
0.6070472598075867
0.6364727020263672
0.6087322235107422
0.6090905070304871
0.6606946587562561
0.5553997159004211
0.49826446175575256
0.5844762921333313
0.640049397945404
0.586493730545044
0.6392636299133301
0.6771339178085327
0.6481361985206604
0.63090980052948
0.6044155955314636
0.5437946915626526
0.5145400166511536
0.5324448347091675
0.6088024377822876
0.6679620146751404
0.5033468008041382
0.4715152084827423
0.6439381241798401
0.5716195106506348
0.6650117039680481
0.577528715133667
0.6524307727813721
0.5534490942955017
0.6510851383209229
0.6529168486595154
0.6236294507980347
0.6051164865493774
0.6557514071464539
0.6181395649909973
0.5959406495094299
0.6413096785545349
0.6914415955543518
0.6069187521934509
0.6445268392562866
0.6119345426559448
0.620650589466095
0.5891258120536804
0.5383057594299316
0.6202163696289062
0.6540659666061401
0.7084750533103943
0.6362027525901794
0.5975326299667358
0.6289587616920471
0.6450986266136169
0.5432581901550293
0.6113300919532776
0.4183531701564789
0.562547504901886
0.6747859120368958
0.5103626847267151
0.5886716246604919
0.5777198076248169
0.5741180181503296
0.601170003414154
0.6224085092544556
0.6036548018455505
0.6379235982894897
0.626614511013031
0.6476205587387085
0.6376110911369324
0.6138558387756348
0.6400130987167358
0.6615682244300842
0.6510851383209229
0.663912296295166
0.543984591960907
0.6488716006278992
0.6507534384727478
0.6283315420150757
0.6255235075950623
0.5655262470245361
0.6145758628845215
0.647226095199585
0.6052300333976746
0.657210648059845
0.6229718923568726
0.6047569513320923
0.659355878829956
0.6830940842628479
0.6976391077041626
0.5912371873855591
0.6474623680114746
0.4465191662311554
0.6182886958122253
0.5679896473884583
0.5995587110519409
0.6824231743812561
0.6724894642829895
0.6326090097427368
0.6470952033996582
0.5326054692268372
0.6410142779350281
0.6421654224395752
0.6078946590423584
0.6109897494316101
0.6733906269073486
0.6723017692565918
0.6863429546356201
0.5933672189712524
0.5916911363601685
0.6499150395393372
0.6546321511268616
0.6376470327377319
0.6096005439758301
0.6877720355987549
0.6074831485748291
0.6161308288574219
0.5898492932319641
0.5955765843391418
0.5933079719543457
0.6806875467300415
0.5627753734588623
0.6466913223266602
0.6526662707328796
0.5883672833442688
0.5956899523735046
0.6586885452270508
0.6344778537750244
0.5196921825408936
0.7133662104606628
0.6125401258468628
0.6106604337692261
0.6007600426673889
0.6612691879272461
0.5597949624061584
0.5913347005844116
0.5472453236579895
0.669282078742981
0.6325605511665344
0.39417627453804016
0.5563105344772339
0.5910868644714355
0.6269879341125488
0.4612237215042114
0.5794958472251892
0.6485041975975037
0.45711180567741394
0.642562747001648
0.39152827858924866
0.6652553081512451
0.5762597322463989
0.6549270749092102
0.5591849088668823
0.6128975749015808
0.6159734725952148
0.6429497599601746
0.49214377999305725
0.5838831067085266
0.6339343190193176
0.6515058875083923
0.6640820503234863
0.625280499458313
0.5898969173431396
0.5873796939849854
0.5573363900184631
0.5525369644165039
0.6675222516059875
0.5765585899353027
0.6192421913146973
0.6988431811332703
0.6610897779464722
0.6272242069244385
0.6297268271446228
0.6870996952056885
0.6524251103401184
0.6612569689750671
0.5814780592918396
0.6012325882911682
0.5606318712234497
0.6222314238548279
0.573406994342804
0.6473610401153564
0.6498122215270996
0.5626071095466614
0.641713559627533
0.6233523488044739
0.5280094742774963
0.5706512928009033
0.553013801574707
0.6877568960189819
0.6653995513916016
0.6950468420982361
0.6500416398048401
0.7162031531333923
0.656639814376831
0.6768667101860046
0.6447566747665405
0.6728856563568115
0.5910388827323914
0.6166152954101562
0.5073001980781555
0.6162433624267578
0.6109076142311096
0.609031617641449
0.5742694139480591
0.6419119834899902
0.6762360334396362
0.5868924260139465
0.6202980279922485
0.6136890053749084
0.5979682803153992
0.6011381149291992
0.6387849450111389
0.6882333159446716
0.6589556336402893
0.5111311078071594
0.5288500189781189
0.6375029683113098
0.47463715076446533
0.4041075110435486
0.657876193523407
0.6080321073532104
0.5796924233436584
0.6126468181610107
0.6750324368476868
0.6293219327926636
0.5902296304702759
0.5879119634628296
0.6486607789993286
0.5405004620552063
0.6215081810951233
0.6482763886451721
0.6010487675666809
0.5873526334762573
0.742777407169342
0.6491369605064392
0.6315943598747253
0.6534345149993896
0.5305433869361877
0.6230958104133606
0.586601197719574
0.5865116119384766
0.6547003984451294
0.6017199754714966
0.6682198643684387
0.5969767570495605
0.5866302847862244
0.5986119508743286
0.6310717463493347
0.6604312062263489
0.5244467854499817
0.55692058801651
0.5396960377693176
0.6334632635116577
0.6054154634475708
0.6552673578262329
0.6634731888771057
0.593400776386261
0.5924361348152161
0.6693362593650818
0.6302234530448914
0.6572255492210388
0.6360965371131897
0.6117060780525208
0.657983660697937
0.6336115598678589
0.6119887232780457
0.6821813583374023
0.5409971475601196
0.6456723809242249
0.6742806434631348
0.6521887183189392
0.5893339514732361
0.596735417842865
0.6519101858139038
0.5950813889503479
0.6129043698310852
0.675704300403595
0.6041647791862488
0.5305958986282349
0.6430067420005798
0.592354416847229
0.6671850085258484
0.5658056735992432
0.5661837458610535
0.6494364142417908
0.6084730625152588
0.6246309876441956
0.6516879200935364
0.632725715637207
0.6110878586769104
0.6062396168708801
0.6479406952857971
0.6292175650596619
0.6069785952568054
0.5710982084274292
0.6269600987434387
0.6103134155273438
0.542579174041748
0.5634804368019104
0.5457727313041687
0.673264741897583
0.6192724108695984
0.6332038044929504
0.44359689950942993
0.6612364053726196
0.6056097149848938
0.6365860104560852
0.5868700742721558
0.5397489070892334
0.6289992332458496
0.6994686126708984
0.6521608829498291
0.6048575043678284
0.6664517521858215
0.6037648916244507
0.5547109246253967
0.6608219146728516
0.5938712954521179
0.6444518566131592
0.6396011114120483
0.6188810467720032
0.6674561500549316
0.586493730545044
0.5754984617233276
0.5404500365257263
0.6709223389625549
0.5955820083618164
0.6883555054664612
0.6503504514694214
0.7110642194747925
0.6935814619064331
0.6718830466270447
0.5375450849533081
0.6494463682174683
0.4884442090988159
0.6549904346466064
0.60105299949646
0.6360053420066833
0.5839231014251709
0.6655256748199463
0.6012219190597534
0.5479398965835571
0.5898985266685486
0.6001915335655212
0.5597631335258484
0.6779249310493469
0.5640291571617126
0.625887930393219
0.6189733147621155
0.596762478351593
0.6308645009994507
0.6794159412384033
0.6319873332977295
0.6015594601631165
0.6050142049789429
0.5691679120063782
0.6419826745986938
0.7030400037765503
0.553013801574707
0.6735528707504272
0.6639682650566101
0.6196171045303345
0.6747080683708191
0.7025213241577148
0.6748554706573486
0.645002543926239
0.620246410369873
0.5936816334724426
0.5971020460128784
0.33758673071861267
0.5841640830039978
0.690841555595398
0.6747955679893494
0.6614065766334534
0.5808283090591431
0.5390611886978149
0.5470108985900879
0.6122096180915833
0.6439928412437439
0.6510471105575562
0.5344369411468506
0.5673150420188904
0.6139526963233948
0.673360288143158
0.6219433546066284
0.627914547920227
0.6094484329223633
0.680598258972168
0.5076754689216614
0.5572478771209717
0.6616007685661316
0.6375499367713928
0.6397547721862793
0.666739284992218
0.6071924567222595
0.6561721563339233
0.5781629681587219
0.5886269807815552
0.6452507972717285
0.6079493761062622
0.5868958234786987
0.617704451084137
0.6775499582290649
0.6688991189002991
0.6257699728012085
0.6097132563591003
0.5741106271743774
0.6287630200386047
0.5962607860565186
0.6433877348899841
0.6140646934509277
0.5701221823692322
0.6544697284698486
0.6167025566101074
0.6412660479545593
0.6334918737411499
0.5981488227844238
0.5756065845489502
0.6345847249031067
0.6154902577400208
0.7128286361694336
0.7111476063728333
0.6393427848815918
0.684490442276001
0.4781680405139923
0.5647602677345276
0.6451587080955505
0.616381824016571
0.6686437129974365
0.6589060425758362
0.619179368019104
0.6772815585136414
0.651838481426239
0.6041958332061768
0.6145809888839722
0.5936310291290283
0.6305927634239197
0.6382293105125427
0.5454564690589905
0.5280094742774963
0.6131049394607544
0.6392970681190491
0.6477779746055603
0.6492107510566711
0.6767905950546265
0.6338291168212891
0.6272774934768677
0.6102750897407532
0.46869412064552307
0.6175617575645447
0.6277914047241211
0.5669060349464417
0.515345573425293
0.24510781466960907
0.6113552451133728
0.631892740726471
0.6272658109664917
0.691686749458313
0.6938800811767578
0.5486524701118469
0.5810617804527283
0.597663164138794
0.5950515866279602
0.6661307215690613
0.6173574328422546
0.5835586786270142
0.6133187413215637
0.6413493752479553
0.6452779173851013
0.4762413799762726
0.6037654876708984
0.5696322321891785
0.7195346355438232
0.6392909288406372
0.6700406670570374
0.6517829298973083
0.4864802658557892
0.5229445099830627
0.5495725870132446
0.616107702255249
0.6617284417152405
0.6540059447288513
0.5893375873565674
0.6619855165481567
0.6510330438613892
0.6229795813560486
0.5981488227844238
0.6817331314086914
0.6052011251449585
0.5076754689216614
0.6796051859855652
0.6705588698387146
0.6470645070075989
0.4860456883907318
0.622307300567627
0.6603512763977051
0.6313021183013916
0.611941397190094
0.5987990498542786
0.5280094742774963
0.5386402010917664
0.6413144469261169
0.6549233794212341
0.6710683107376099
0.4863179326057434
0.6365656852722168
0.6466113328933716
0.5944955348968506
0.6283039450645447
0.61409592628479
0.5560927987098694
0.5885118246078491
0.5439773797988892
0.6613603830337524
0.5280094742774963
0.6446835398674011
0.6554590463638306
0.6513757109642029
0.6294482946395874
0.5991327166557312
0.5088232755661011
0.5868901610374451
0.6925894618034363
0.6291785836219788
0.6341286897659302
0.6324254274368286
0.5954062938690186
0.5288460850715637
0.66803377866745
0.5253832340240479
0.5069664120674133
0.6227977871894836
0.3706856966018677
0.5662804841995239
0.6034806370735168
0.6358150243759155
0.5189811587333679
0.6562779545783997
0.6351025104522705
0.5969837307929993
0.5858275294303894
0.6043486595153809
0.6473152041435242
0.6166651844978333
0.6418904066085815
0.5755952596664429
0.6061579585075378
0.5375267863273621
0.6560506820678711
0.5990294814109802
0.5566670894622803
0.6247932314872742
0.6511867046356201
0.6511389017105103
0.4939221739768982
0.5085826516151428
0.6429603099822998
0.6249555349349976
0.6366456151008606
0.6197304129600525
0.5096273422241211
0.6656376719474792
0.5890811681747437
0.6591117978096008
0.631413996219635
0.6373822093009949
0.582079291343689
0.5849129557609558
0.6236646771430969
0.642210066318512
0.6459837555885315
0.6309767961502075
0.6097651720046997
0.6154923439025879
0.6441530585289001
0.6116257309913635
0.4806435704231262
0.586419403553009
0.5330616235733032
0.5065693855285645
0.6506043672561646
0.6201374530792236
0.6025652885437012
0.6003737449645996
0.6984835863113403
0.6325567960739136
0.6523117423057556
0.654640793800354
0.6805039048194885
0.5600093603134155
0.5773599147796631
0.6236881613731384
0.662367582321167
0.6069751381874084
0.5496249794960022
0.651294469833374
0.633185863494873
0.5731574296951294
0.6872753500938416
0.6301776766777039
0.5956817269325256
0.6280864477157593
0.5592018365859985
0.6913617849349976
0.546459436416626
0.6044344305992126
0.6070663332939148
0.5703580379486084
0.5533031225204468
0.6463233828544617
0.5576004981994629
0.6486591696739197
0.6041750311851501
0.5795273184776306
0.5945771932601929
0.6082805395126343
0.5981882810592651
0.6310580968856812
0.6450861096382141
0.6303419470787048
0.6227001547813416
0.5512216687202454
0.6343076229095459
0.6621376872062683
0.5559434294700623
0.6143465042114258
0.6257699728012085
0.6549163460731506
0.5819989442825317
0.6457171440124512
0.5904209613800049
0.5169945359230042
0.6774351000785828
0.5169945359230042
0.6018922328948975
0.519251823425293
0.6841050386428833
0.6591848134994507
0.6191422939300537
0.6707881093025208
0.6169613599777222
0.6024295687675476
0.6507796049118042
0.572274923324585
0.5735774040222168
0.5191198587417603
0.6169218420982361
0.5814272165298462
0.6435020565986633
0.5110074877738953
0.6577568054199219
0.6361321806907654
0.5754855275154114
0.6513588428497314
0.6610183119773865
0.6168360710144043
0.6560205221176147
0.4872201085090637
0.5682527422904968
0.6080493927001953
0.6622326970100403
0.6979959607124329
0.6495040059089661
0.662864089012146
0.5780361890792847
0.6427341103553772
0.5952916145324707
0.6309537887573242
0.5715255737304688
0.6544674634933472
0.5841422080993652
0.659375786781311
0.544188916683197
0.6801455020904541
0.3939342796802521
0.6408801078796387
0.6695099472999573
0.6662348508834839
0.6358444690704346
0.6785367131233215
0.6277809143066406
0.5999920964241028
0.6131985187530518
0.6161741018295288
0.5461946129798889
0.5546610355377197
0.5641921758651733
0.6062862277030945
0.6015288233757019
0.5742117762565613
0.6598067879676819
0.616119384765625
0.6237737536430359
0.6384645104408264
0.6625701189041138
0.6283000707626343
0.5667428970336914
0.6735405325889587
0.7099488377571106
0.6277142763137817
0.6213366389274597
0.6153064370155334
0.6420619487762451
0.6251738667488098
0.6137639880180359
0.6223206520080566
0.6111446022987366
0.5893595814704895
0.5664399266242981
0.645976722240448
0.5715692639350891
0.6271882057189941
0.5526164770126343
0.6622257232666016
0.6406611800193787
0.6100572347640991
0.6551947593688965
0.6614043116569519
0.6141247153282166
0.5801125168800354
0.5953686237335205
0.6145896315574646
0.6091676950454712
0.586493730545044
0.546009361743927
0.6337088346481323
0.6157038807868958
0.6655169129371643
0.6101638078689575
0.6489657759666443
0.49205413460731506
0.5990648865699768
0.6414147615432739
0.6729087233543396
0.6349886655807495
0.6395531296730042
0.6522938013076782
0.6044819355010986
0.6063605546951294
0.6732428669929504
0.6586885452270508
0.6358197927474976
0.42192593216896057
0.6159254908561707
0.7142098546028137
0.593588650226593
0.6160927414894104
0.49214377999305725
0.7055409550666809
0.624757707118988
0.5769852995872498
0.5777891874313354
0.6000093221664429
0.7056320309638977
0.6437541842460632
0.5606526136398315
0.6831302046775818
0.5347926020622253
0.6561945080757141
0.6444221138954163
0.6598038673400879
0.6816776394844055
0.6270086765289307
0.5087975263595581
0.5659118294715881
0.5916911363601685
0.628468930721283
0.5795408487319946
0.6640954613685608
0.5875673294067383
0.6621081233024597
0.6821020245552063
0.6285422444343567
0.6174343228340149
0.6044747233390808
0.6412497758865356
0.5179430842399597
0.6579642295837402
0.5760642290115356
0.6260822415351868
0.553406834602356
0.5887746214866638
0.5898293256759644
0.6290071606636047
0.5553880929946899
0.660017728805542
0.5093275904655457
0.6498860120773315
0.6298241019248962
0.6168390512466431
0.62519371509552
0.5697542428970337
0.47812187671661377
0.5841608047485352
0.4946248233318329
0.666405975818634
0.6297321915626526
0.6858730912208557
0.625517725944519
0.6154963970184326
0.6155023574829102
0.6454710960388184
0.5389508605003357
0.6507084369659424
0.6784015893936157
0.6189812421798706
0.6620557904243469
0.6074343919754028
0.7202695608139038
0.6405245661735535
0.599744439125061
0.6913400888442993
0.6429746747016907
0.5706028342247009
0.6156463623046875
0.6741549372673035
0.6531499028205872
0.6563156843185425
0.6408835649490356
0.599274754524231
0.6418229341506958
0.5863023996353149
0.5742640495300293
0.5748081207275391
0.6375819444656372
0.6700265407562256
0.6325300931930542
0.6561772227287292
0.6156234741210938
0.5999899506568909
0.6433708071708679
0.624241828918457
0.6300926208496094
0.6556385159492493
0.6026105880737305
0.6573824286460876
0.6753962635993958
0.7395185828208923
0.63397216796875
0.7158262133598328
0.6174845695495605
0.5979964733123779
0.6077698469161987
0.5662704706192017
0.5902296304702759
0.6225025653839111
0.6467028856277466
0.59914630651474
0.5768049955368042
0.563048779964447
0.6133701205253601
0.6006863117218018
0.4133559465408325
0.6028103828430176
0.6044846773147583
0.5936146378517151
0.6186270713806152
0.6743416786193848
0.5732151865959167
0.6673751473426819
0.41898322105407715
0.6307968497276306
0.5772632360458374
0.6043804883956909
0.5906587243080139
0.5867872834205627
0.5926106572151184
0.5892159938812256
0.603359043598175
0.6327855587005615
0.6427436470985413
0.6360833048820496
0.5170189142227173
0.6632948517799377
0.6170054078102112
0.5950498580932617
0.5685829520225525
0.6631215810775757
0.669669508934021
0.5642843246459961
0.6647274494171143
0.5849215388298035
0.6140258312225342
0.6550322771072388
0.640999436378479
0.5702590942382812
0.6699948906898499
0.7074716687202454
0.6185617446899414
0.6443862915039062
0.6120629906654358
0.6164594888687134
0.5776134133338928
0.720683217048645
0.6018040180206299
0.6375952959060669
0.5721707344055176
0.6939512491226196
0.6458607912063599
0.5759193897247314
0.5878565907478333
0.6182549595832825
0.6453371047973633
0.5076754689216614
0.6235164999961853
0.6251941919326782
0.4974415898323059
0.5607647895812988
0.5714027285575867
0.67180335521698
0.6323648691177368
0.627614438533783
0.6483480930328369
0.6178739666938782
0.5801720023155212
0.656546413898468
0.6556233167648315
0.526515007019043
0.6574220657348633
0.6447731256484985
0.59657222032547
0.6432797312736511
0.6804447770118713
0.5909549593925476
0.6665439009666443
0.6249896883964539
0.5308046340942383
0.5644323825836182
0.4018379747867584
0.5098314881324768
0.5874002575874329
0.6744298934936523
0.6392196416854858
0.6010873317718506
0.6219028234481812
0.6644145250320435
0.5622844099998474
0.5865299701690674
0.576418399810791
0.6070149540901184
0.6418850421905518
0.5581861138343811
0.5949253439903259
0.6228529214859009
0.6353127360343933
0.6136437058448792
0.6683864593505859
0.5375760197639465
0.6029599905014038
0.6698707342147827
0.564785361289978
0.4794310927391052
0.6697638630867004
0.6674627065658569
0.5434368252754211
0.6494910717010498
0.4629753828048706
0.4729468822479248
0.6277737617492676
0.5628730058670044
0.5488778948783875
0.6181291341781616
0.6432430148124695
0.5851279497146606
0.5662220120429993
0.546606183052063
0.6644753813743591
0.6349915266036987
0.6214877367019653
0.6631948947906494
0.6304087042808533
0.5425202250480652
0.6535535454750061
0.709732174873352
0.6341285705566406
0.6133508086204529
0.6825323700904846
0.42495959997177124
0.6524665355682373
0.6249896883964539
0.66453617811203
0.6695098280906677
0.6092994809150696
0.54759681224823
0.6215478777885437
0.5953579545021057
0.6627202033996582
0.5321576595306396
0.6559727191925049
0.6003023386001587
0.6745710968971252
0.6063902974128723
0.5633784532546997
0.6333051323890686
0.6687147617340088
0.6609077453613281
0.6601592302322388
0.5524005889892578
0.5672293305397034
0.6070317625999451
0.6285301446914673
0.6717199683189392
0.6979008913040161
0.5280094742774963
0.5575529336929321
0.6109244227409363
0.6437200307846069
0.582666277885437
0.5858275294303894
0.568670928478241
0.5891992449760437
0.6599316000938416
0.5351316928863525
0.6370086073875427
0.6518157720565796
0.6045522093772888
0.661888062953949
0.6153969764709473
0.6143450140953064
0.5809341669082642
0.5305958986282349
0.6275796294212341
0.6200072169303894
0.6580507159233093
0.6239583492279053
0.6261540055274963
0.6542258858680725
0.6092286109924316
0.685375988483429
0.6877965927124023
0.7353740930557251
0.6333702802658081
0.5133222341537476
0.5394667983055115
0.6279330849647522
0.6145777702331543
0.6077477335929871
0.7051368355751038
0.6830822825431824
0.5238354206085205
0.6381022334098816
0.6124696135520935
0.6631504893302917
0.5114558339118958
0.5126000046730042
0.6002515554428101
0.6453418731689453
0.6858906149864197
0.6276072263717651
0.5588693618774414
0.6566002368927002
0.6346807479858398
0.6180949807167053
0.6376821398735046
0.6723434925079346
0.6258723735809326
0.6554149985313416
0.6382662057876587
0.640864372253418
0.572721004486084
0.6217612624168396
0.6335949301719666
0.6537693738937378
0.596246600151062
0.6584527492523193
0.5296726226806641
0.6750702857971191
0.6364936232566833
0.6563408374786377
0.6586199998855591
0.6307782530784607
0.6629039645195007
0.6439334154129028
0.6359841823577881
0.5765904188156128
0.6466448307037354
0.5556237101554871
0.5775867700576782
0.5395442843437195
0.589492917060852
0.6167054176330566
0.6030336618423462
0.5620025396347046
0.5700570344924927
0.5808275938034058
0.6719868779182434
0.5925512313842773
0.5738759636878967
0.6176428198814392
0.5922486782073975
0.659442126750946
0.5960326194763184
0.5147762298583984
0.5493054986000061
0.6006770133972168
0.517615556716919
0.5523937344551086
0.4991968870162964
0.5146610736846924
0.5718079805374146
0.6066992282867432
0.7039766311645508
0.5220980644226074
0.5694893002510071
0.6534953713417053
0.5523937344551086
0.6255382895469666
0.5523937344551086
0.6097052097320557
0.636552631855011
0.6221345663070679
0.638414204120636
0.5288590788841248
0.4998880922794342
0.6187911629676819
0.5798383355140686
0.5907590389251709
0.6463544368743896
0.6050487756729126
0.6723280549049377
0.6143923997879028
0.7084935307502747
0.5798309445381165
0.6420578360557556
0.5562043786048889
0.6192038655281067
0.6711167693138123
0.6793835759162903
0.4952220916748047
0.562279999256134
0.6279475092887878
0.6245287656784058
0.6440488696098328
0.6659343838691711
0.6146061420440674
0.5752269625663757
0.5625208616256714
0.6292340159416199
0.6879478693008423
0.5688591599464417
0.6472501754760742
0.5670687556266785
0.6740499138832092
0.5916911363601685
0.6945464015007019
0.6338182091712952
0.6456047892570496
0.5787308216094971
0.5783540606498718
0.6510851383209229
0.6174035668373108
0.5811585783958435
0.6559078693389893
0.6686204075813293
0.6426281332969666
0.6153588891029358
0.5893381237983704
0.6743510961532593
0.5641705989837646
0.6510282158851624
0.6313831210136414
0.4530138075351715
0.5878727436065674
0.6586885452270508
0.6291297078132629
0.6236687302589417
0.5259446501731873
0.5955260992050171
0.6373959183692932
0.5557894706726074
0.5879827737808228
0.6263304948806763
0.5487076640129089
0.5305958986282349
0.594244122505188
0.572277843952179
0.672265350818634
0.5667110681533813
0.675792396068573
0.6642798185348511
0.6541817784309387
0.6036548018455505
0.6487935781478882
0.6709050536155701
0.5630638003349304
0.6198915243148804
0.6403986811637878
0.5355736017227173
0.5746034979820251
0.5895841121673584
0.668677568435669
0.6054624915122986
0.5822755098342896
0.6235997080802917
0.628437340259552
0.5927250385284424
0.5327034592628479
0.6078620553016663
0.65694260597229
0.5837491154670715
0.6410622000694275
0.6375986933708191
0.6366079449653625
0.6373520493507385
0.6381720304489136
0.6443774104118347
0.5670993328094482
0.6751595735549927
0.6066158413887024
0.49218839406967163
0.6106499433517456
0.6749972701072693
0.5034940838813782
0.6183791160583496
0.672172486782074
0.6309163570404053
0.7161357402801514
0.6020399332046509
0.6221765279769897
0.643714189529419
0.6419906616210938
0.6343600749969482
0.6126328706741333
0.5858197212219238
0.5782400965690613
0.6060947179794312
0.6500614285469055
0.5303808450698853
0.5280094742774963
0.5185795426368713
0.5740662217140198
0.677025318145752
0.6239577531814575
0.5937034487724304
0.6402309536933899
0.6152572631835938
0.6633192300796509
0.6842290163040161
0.6199542880058289
0.5926287770271301
0.45139598846435547
0.6065449118614197
0.5763288140296936
0.6381121873855591
0.5804556608200073
0.6696932315826416
0.6192865371704102
0.681569516658783
0.6357332468032837
0.5884786248207092
0.6757504940032959
0.6800286173820496
0.6224465370178223
0.6341265439987183
0.590620756149292
0.6167531609535217
0.5988261103630066
0.556536078453064
0.6357647180557251
0.6482462286949158
0.5877522230148315
0.6698352098464966
0.521535336971283
0.6569772362709045
0.5516160726547241
0.5724457502365112
0.6687065362930298
0.6924040913581848
0.6332573294639587
0.5467228293418884
0.5698373913764954
0.6293293833732605
0.6251804828643799
0.5985404849052429
0.656715989112854
0.6339600086212158
0.5987117290496826
0.5721365809440613
0.5512840747833252
0.6012037396430969
0.6462400555610657
0.6325904130935669
0.6317335367202759
0.5985386371612549
0.6721634864807129
0.6154307723045349
0.6218795776367188
0.6139829158782959
0.6072288751602173
0.6522202491760254
0.6273707151412964
0.5697109699249268
0.6058840751647949
0.6164265275001526
0.5951493978500366
0.45814651250839233
0.6772031188011169
0.6562904119491577
0.7270694375038147
0.6792151927947998
0.6183974146842957
0.6394593715667725
0.6553981900215149
0.6773374676704407
0.5981690287590027
0.7006363868713379
0.6484507322311401
0.66520094871521
0.6141864061355591
0.5748274922370911
0.6631603240966797
0.6745792031288147
0.5315370559692383
0.6312425136566162
0.641635537147522
0.5971847176551819
0.6273508667945862
0.5883074998855591
0.6493946313858032
0.6658160090446472
0.5015478730201721
0.600117564201355
0.5104822516441345
0.6486953496932983
0.6701750159263611
0.49205413460731506
0.575049638748169
0.5644860863685608
0.5932683348655701
0.6224909424781799
0.6127065420150757
0.4621126353740692
0.5168055891990662
0.6306477189064026
0.593388557434082
0.6048722863197327
0.597867488861084
0.6334269642829895
0.6341763138771057
0.46369293332099915
0.7096453905105591
0.6652703285217285
0.6471800804138184
0.6498130559921265
0.583234429359436
0.6255748867988586
0.46023258566856384
0.5227422714233398
0.6789876818656921
0.5266128778457642
0.5946332812309265
0.6366211771965027
0.5802008509635925
0.6645964980125427
0.580656111240387
0.5688644051551819
0.5471373200416565
0.6816362142562866
0.647927463054657
0.474788099527359
0.6109455227851868
0.6434930562973022
0.5456631779670715
0.6194498538970947
0.5052292346954346
0.598120927810669
0.6108376979827881
0.524617612361908
0.6168768405914307
0.6535961031913757
0.5482102632522583
0.5839208364486694
0.632112979888916
0.6373412609100342
0.5792468190193176
0.5991198420524597
0.5989993214607239
0.5888169407844543
0.6606673002243042
0.6243615746498108
0.6508446931838989
0.6432863473892212
0.6252400279045105
0.6681862473487854
0.6057305335998535
0.5705086588859558
0.6512954831123352
0.6171214580535889
0.5743193030357361
0.5813156366348267
0.5981628894805908
0.5458804368972778
0.6514053344726562
0.6927639842033386
0.6238794326782227
0.678799033164978
0.7102276682853699
0.6307730078697205
0.5853790044784546
0.6372286677360535
0.6802294254302979
0.5076754689216614
0.6102338433265686
0.6538084745407104
0.6314477920532227
0.7006206512451172
0.4875528812408447
0.6367603540420532
0.6076481342315674
0.6880238652229309
0.690608561038971
0.6296411752700806
0.6701631546020508
0.6471447944641113
0.6369346976280212
0.6423855423927307
0.6085264086723328
0.6265400052070618
0.6823634505271912
0.5090500712394714
0.670849621295929
0.5650821924209595
0.6051182150840759
0.6433894038200378
0.6437056064605713
0.6955130696296692
0.6215012073516846
0.5583257675170898
0.6589157581329346
0.5776647329330444
0.6144424676895142
0.6172109246253967
0.5920153856277466
0.591347873210907
0.619045078754425
0.667305052280426
0.5466513633728027
0.5351981520652771
0.6473914980888367
0.5502217411994934
0.6429008841514587
0.547965407371521
0.6276599168777466
0.5821541547775269
0.5954399704933167
0.5596729516983032
0.6475619673728943
0.6477442979812622
0.5646680593490601
0.6017538905143738
0.6287089586257935
0.6074001789093018
0.5956328511238098
0.630055844783783
0.5073940753936768
0.6381338238716125
0.5513328313827515
0.5390633344650269
0.6676422953605652
0.6189956068992615
0.5965674519538879
0.5678317546844482
0.6329550743103027
0.4995653033256531
0.5906338095664978
0.5771511793136597
0.5848449468612671
0.6135230660438538
0.6068121194839478
0.6586885452270508
0.7135075926780701
0.5929287672042847
0.5111722946166992
0.6013752222061157
0.6230729222297668
0.6129797101020813
0.6559222936630249
0.6118521690368652
0.5868614315986633
0.6260583400726318
0.6706604957580566
0.6158966422080994
0.6282441020011902
0.6142106056213379
0.6399924159049988
0.47989600896835327
0.5963367223739624
0.583955705165863
0.593458890914917
0.6415256857872009
0.6621648669242859
0.5417699813842773
0.5776649117469788
0.6531664133071899
0.6424418091773987
0.6376343369483948
0.6796219348907471
0.6974310874938965
0.6501812934875488
0.5482102632522583
0.46461230516433716
0.6542197465896606
0.5864502787590027
0.6063777804374695
0.7055230140686035
0.5688198208808899
0.6515898108482361
0.6476824879646301
0.5697065591812134
0.6877679824829102
0.7134782671928406
0.6030526161193848
0.5780609846115112
0.651433527469635
0.6316291689872742
0.6008646488189697
0.6476332545280457
0.5966855883598328
0.5076754689216614
0.4868850111961365
0.682494580745697
0.6059205532073975
0.6022890210151672
0.6023210883140564
0.641955554485321
0.4869065284729004
0.5806856155395508
0.5305958986282349
0.5887482166290283
0.41067007184028625
0.5889495015144348
0.5081947445869446
0.6616398096084595
0.6092924475669861
0.6530174016952515
0.7048901319503784
0.5823010802268982
0.7080722451210022
0.38020434975624084
0.564673900604248
0.5793856978416443
0.5497294068336487
0.6181974411010742
0.6085522174835205
0.6390639543533325
0.6323195099830627
0.6923928260803223
0.6511240601539612
0.5913610458374023
0.6977405548095703
0.588897705078125
0.6109722256660461
0.6317955255508423
0.6650559902191162
0.6557689309120178
0.609122097492218
0.6674392223358154
0.5914320349693298
0.618706464767456
0.632070004940033
0.680509090423584
0.6730369925498962
0.64063560962677
0.6515204310417175
0.689732015132904
0.6054525375366211
0.5169945359230042
0.6285797357559204
0.5277875065803528
0.6355224847793579
0.6070307493209839
0.639415979385376
0.6174505352973938
0.5834234356880188
0.6631971001625061
0.5339632034301758
0.652292013168335
0.5989137887954712
0.61409592628479
0.5834264755249023
0.6071996688842773
0.6196104288101196
0.6815728545188904
0.6339585781097412
0.6426250338554382
0.5922343134880066
0.6450992226600647
0.6232334971427917
0.6515435576438904
0.6194546818733215
0.579517662525177
0.562889814376831
0.5883117914199829
0.5723453164100647
0.6646343469619751
0.5333712697029114
0.5717208385467529
0.6343089938163757
0.6940323710441589
0.6078459024429321
0.5893574953079224
0.6402526497840881
0.644682765007019
0.6033269166946411
0.6062279939651489
0.44393306970596313
0.6373777985572815
0.6069624423980713
0.6725046634674072
0.6354665160179138
0.48083773255348206
0.6515470743179321
0.5861279964447021
0.6228307485580444
0.6641927361488342
0.7040051221847534
0.6549147367477417
0.6612648367881775
0.646533727645874
0.5968266129493713
0.6444926857948303
0.6129069924354553
0.6050711870193481
0.6101122498512268
0.5697827339172363
0.5998162627220154
0.6226654648780823
0.6047243475914001
0.5385617613792419
0.7097221612930298
0.5467267632484436
0.6518069505691528
0.6577638387680054
0.6723354458808899
0.6779528856277466
0.6932622194290161
0.6704961657524109
0.6039296984672546
0.6172499060630798
0.6194813251495361
0.6375579833984375
0.6173401474952698
0.5967785120010376
0.5925568342208862
0.6646838784217834
0.5973238945007324
0.47661715745925903
0.6057308316230774
0.588585615158081
0.5393031239509583
0.5375556945800781
0.6417660117149353
0.5742944478988647
0.6131377816200256
0.6314736008644104
0.5429278016090393
0.4697851240634918
0.6401137113571167
0.6352725028991699
0.6240212917327881
0.6182015538215637
0.6483824849128723
0.5857616066932678
0.5493590831756592
0.6707444787025452
0.6401137113571167
0.6330949664115906
0.6201767325401306
0.6436356902122498
0.5949696898460388
0.5541552901268005
0.5806856155395508
0.6500165462493896
0.5251607894897461
0.5280094742774963
0.588585615158081
0.6015204191207886
0.6040303707122803
0.588585615158081
0.6035325527191162
0.5742944478988647
0.6621153950691223
0.6909831762313843
0.5742944478988647
0.6083951592445374
0.6663984060287476
0.642545759677887
0.65883868932724
0.6870836019515991
0.5981488227844238
0.568843424320221
0.6356651782989502
0.613566517829895
0.6445988416671753
0.6354274153709412
0.669633150100708
0.6808552742004395
0.5949696898460388
0.566771924495697
0.5723263621330261
0.4316421151161194
0.6582825779914856
0.6364169716835022
0.630621612071991
0.6450662612915039
0.6684361696243286
0.6730303168296814
0.5570239424705505
0.5431773066520691
0.6287587285041809
0.6278018355369568
0.6323671936988831
0.5427072048187256
0.5716708898544312
0.6061533093452454
0.6009312868118286
0.6090905070304871
0.579634964466095
0.5754784941673279
0.6617382168769836
0.6229848265647888
0.6771066784858704
0.5432462096214294
0.6030783653259277
0.674984872341156
0.5478151440620422
0.5709985494613647
0.6273931264877319
0.6240695714950562
0.5579993724822998
0.5926395058631897
0.6336463093757629
0.6840271353721619
0.6696617603302002
0.5765330791473389
0.6987758278846741
0.5705265998840332
0.6729027628898621
0.6563946008682251
0.5842565894126892
0.6379873156547546
0.6191220283508301
0.5574952960014343
0.6235164999961853
0.4718541204929352
0.6698129773139954
0.5665038824081421
0.615470290184021
0.6341231465339661
0.6151169538497925
0.6811763644218445
0.6405988931655884
0.6278498768806458
0.6835846900939941
0.6593031287193298
0.6495420336723328
0.6405928730964661
0.5972844362258911
0.627586841583252
0.5337763428688049
0.666789174079895
0.5867246389389038
0.619065523147583
0.6616527438163757
0.618078887462616
0.6005251407623291
0.7142714858055115
0.514978289604187
0.6100118160247803
0.5659274458885193
0.6484676003456116
0.6270297765731812
0.5599676966667175
0.5319403409957886
0.5826757550239563
0.6016225814819336
0.5501892566680908
0.6058635711669922
0.5746412873268127
0.6471664905548096
0.6579897999763489
0.609227180480957
0.6901167631149292
0.6055383682250977
0.5818778872489929
0.6166191101074219
0.6944361329078674
0.639754593372345
0.6642350554466248
0.6589973568916321
0.5837088823318481
0.5874367952346802
0.5692254900932312
0.6537277102470398
0.652326762676239
0.6376411318778992
0.5955412983894348
0.6284751892089844
0.6247313618659973
0.5455593466758728
0.6459459662437439
0.6997716426849365
0.619579553604126
0.5962605476379395
0.6466443538665771
0.6658128499984741
0.6746910810470581
0.5805506706237793
0.5826081037521362
0.6620378494262695
0.6779620051383972
0.6456364989280701
0.6735849976539612
0.554827868938446
0.612133264541626
0.5613591074943542
0.6218460202217102
0.6564518809318542
0.5904788970947266
0.6123716235160828
0.6227946281433105
0.6554057598114014
0.6701930165290833
0.5832698345184326
0.6608985066413879
0.6635178327560425
0.6020453572273254
0.6309061646461487
0.7051360011100769
0.5903695225715637
0.6131576895713806
0.4612986445426941
0.618698239326477
0.5995222330093384
0.6685357689857483
0.6609632968902588
0.6454022526741028
0.6563546061515808
0.6270956993103027
0.6027771830558777
0.5580747723579407
0.633261501789093
0.6189715266227722
0.679097056388855
0.6600279211997986
0.6434798836708069
0.6142452359199524
0.5978268980979919
0.6349456906318665
0.621019721031189
0.6928094029426575
0.5564521551132202
0.5344369411468506
0.4946364462375641
0.6491279006004333
0.6640481352806091
0.6893447637557983
0.6313977837562561
0.6372063755989075
0.5941234827041626
0.5928989052772522
0.5944730639457703
0.6320338845252991
0.5956942439079285
0.6682450175285339
0.582941472530365
0.5939066410064697
0.6336347460746765
0.6235164999961853
0.6089419722557068
0.59657222032547
0.5691168308258057
0.6534145474433899
0.5311586260795593
0.598400354385376
0.6090848445892334
0.6727657318115234
0.5742807388305664
0.6683931946754456
0.5559369325637817
0.6605315208435059
0.6288662552833557
0.6180066466331482
0.6210190057754517
0.6371702551841736
0.5833700299263
0.5504209995269775
0.6418349146842957
0.6680986881256104
0.6484809517860413
0.6161741018295288
0.6053155660629272
0.4796867072582245
0.4711511731147766
0.6328713893890381
0.6511566638946533
0.5806758999824524
0.5698575973510742
0.6309124827384949
0.611606776714325
0.6426220536231995
0.6575177907943726
0.565767228603363
0.5698328614234924
0.5974645614624023
0.5665936470031738
0.560762345790863
0.6755627393722534
0.6810107827186584
0.6004706025123596
0.6262233257293701
0.6391822695732117
0.6432892680168152
0.6258395910263062
0.7076778411865234
0.6245839595794678
0.7220204472541809
0.682314395904541
0.6566545367240906
0.6216397285461426
0.6626287698745728
0.6439334154129028
0.6155408024787903
0.56636643409729
0.6473982334136963
0.6446118950843811
0.5524900555610657
0.528194010257721
0.6289578080177307
0.6450963020324707
0.641910195350647
0.5889320373535156
0.5824630856513977
0.6305628418922424
0.6549820899963379
0.5766162276268005
0.6198088526725769
0.5925915837287903
0.6320163607597351
0.4500429928302765
0.6133773922920227
0.7005530595779419
0.6180859208106995
0.6715241074562073
0.6362996697425842
0.6334729194641113
0.6355012655258179
0.6726208329200745
0.6736818552017212
0.6046455502510071
0.404461532831192
0.5917195677757263
0.6609121561050415
0.6297986507415771
0.6866247057914734
0.6332017183303833
0.6377871632575989
0.5848159193992615
0.5338664054870605
0.5783540606498718
0.6564118266105652
0.5582242012023926
0.5470507144927979
0.5779907703399658
0.5544113516807556
0.6338041424751282
0.6219353675842285
0.5579714775085449
0.6424298286437988
0.6745305061340332
0.6138954162597656
0.6057047247886658
0.7103175520896912
0.6482276916503906
0.6018778085708618
0.6015597581863403
0.589011013507843
0.6044595241546631
0.5269697904586792
0.6307767629623413
0.5854765772819519
0.5807550549507141
0.5608448386192322
0.5718416571617126
0.5741724371910095
0.6911390423774719
0.6953480243682861
0.553013801574707
0.5727382898330688
0.6882194876670837
0.7051116228103638
0.5861204862594604
0.6558083295822144
0.5353561043739319
0.688668429851532
0.6112356781959534
0.6818052530288696
0.5518107414245605
0.5738896131515503
0.5891710519790649
0.5977947115898132
0.6452491283416748
0.5003900527954102
0.6208944916725159
0.625156044960022
0.6602528095245361
0.6980149149894714
0.6362702250480652
0.5114558339118958
0.647301435470581
0.5886052846908569
0.5424285531044006
0.5921478271484375
0.5022727847099304
0.5645402669906616
0.6319665312767029
0.6269683241844177
0.49721741676330566
0.6208463907241821
0.6350207924842834
0.5731585621833801
0.6502123475074768
0.5658902525901794
0.6531005501747131
0.6312711834907532
0.631766676902771
0.6189572811126709
0.6401032209396362
0.6329774260520935
0.6136455535888672
0.5072964429855347
0.5664399266242981
0.6830107569694519
0.6812480688095093
0.6201203465461731
0.623317301273346
0.5462934970855713
0.5915738344192505
0.6505246758460999
0.6561799049377441
0.67906254529953
0.6090326905250549
0.6249896883964539
0.5911272168159485
0.5923143625259399
0.6095464825630188
0.6329565048217773
0.6379156112670898
0.6213291883468628
0.6600407958030701
0.5572188496589661
0.6328052282333374
0.6211545467376709
0.521092414855957
0.6606545448303223
0.5023468732833862
0.6254271268844604
0.5967155694961548
0.5914188623428345
0.5959340333938599
0.592265784740448
0.5974851250648499
0.5468447208404541
0.6130791902542114
0.561133861541748
0.6786293387413025
0.6105148196220398
0.6682246327400208
0.6212982535362244
0.5944901704788208
0.5017645955085754
0.5704939365386963
0.5519710183143616
0.6419243216514587
0.6885954141616821
0.6130918264389038
0.6345434784889221
0.6143128871917725
0.612348198890686
0.6689493060112
0.5790380239486694
0.561119556427002
0.5476923584938049
0.6565021872520447
0.6685840487480164
0.4832933247089386
0.5948394536972046
0.5799384713172913
0.6472797393798828
0.6721486449241638
0.6684865355491638
0.6509962677955627
0.6400175094604492
0.7052473425865173
0.6312170624732971
0.6361042261123657
0.6430313587188721
0.6321914792060852
0.5660978555679321
0.5626071095466614
0.6632402539253235
0.586736798286438
0.6273831129074097
0.660995602607727
0.6910303235054016
0.6209805011749268
0.5914050936698914
0.6161715984344482
0.5513560175895691
0.5991437435150146
0.6327993869781494
0.6221677660942078
0.6368886232376099
0.6132323741912842
0.5854489803314209
0.5988761782646179
0.6136640906333923
0.5735909342765808
0.6552008390426636
0.6565324068069458
0.6455048322677612
0.5803776383399963
0.5848357081413269
0.5286810994148254
0.6559875011444092
0.6373744606971741
0.6589740514755249
0.6059252023696899
0.5709585547447205
0.6481449007987976
0.5640820264816284
0.5500414371490479
0.6707990765571594
0.6235437989234924
0.5305018424987793
0.5283495783805847
0.5527149438858032
0.4593598544597626
0.6607852578163147
0.6719401478767395
0.6067805886268616
0.6658158302307129
0.6842026114463806
0.6610031127929688
0.6441466808319092
0.6754535436630249
0.578467071056366
0.6239482164382935
0.6091878414154053
0.5276979207992554
0.572782039642334
0.5094171762466431
0.6657530069351196
0.5979682803153992
0.5889700651168823
0.6510851383209229
0.5986225008964539
0.5404467582702637
0.5775194764137268
0.620065450668335
0.6608627438545227
0.579954981803894
0.6316878795623779
0.5897522568702698
0.650815486907959
0.5114558339118958
0.6044710278511047
0.5964469909667969
0.3822682201862335
0.6347739100456238
0.701911449432373
0.6468775868415833
0.5949368476867676
0.6590387225151062
0.4492013156414032
0.554498553276062
0.6249896883964539
0.6222783327102661
0.6119680404663086
0.5802701711654663
0.6348258852958679
0.5868154764175415
0.641962468624115
0.6296935677528381
0.591480553150177
0.634387731552124
0.6318210959434509
0.6242320537567139
0.6229060292243958
0.6705361604690552
0.6393571496009827
0.5654125213623047
0.6304649114608765
0.602677583694458
0.6476877331733704
0.6540443301200867
0.592886209487915
0.649172842502594
0.649926483631134
0.5770359039306641
0.6480857729911804
0.6284857392311096
0.6345970034599304
0.5773160457611084
0.5951549410820007
0.6571163535118103
0.6407034397125244
0.6744011640548706
0.5517487525939941
0.6011014580726624
0.6704727411270142
0.5490628480911255
0.6040061712265015
0.6256916522979736
0.6269481778144836
0.6096395254135132
0.5951030850410461
0.6584086418151855
0.664480447769165
0.6341038942337036
0.6651444435119629
0.5732287168502808
0.5688435435295105
0.6478007435798645
0.6662843227386475
0.6132210493087769
0.6045463681221008
0.6987026333808899
0.6751109957695007
0.640600860118866
0.551285982131958
0.5765845775604248
0.656793475151062
0.6595368981361389
0.6532056331634521
0.638583779335022
0.5788480639457703
0.5523937344551086
0.6312659382820129
0.6538168787956238
0.6539342403411865
0.590324878692627
0.39175137877464294
0.6108179092407227
0.5892561078071594
0.6393681764602661
0.6518839597702026
0.6226759552955627
0.5763407349586487
0.6852642893791199
0.6167413592338562
0.591519296169281
0.6404618620872498
0.6045910716056824
0.6157448887825012
0.5011880993843079
0.6157568097114563
0.6249896883964539
0.5516279935836792
0.5321099758148193
0.6253233551979065
0.5778807401657104
0.5872743129730225
0.6201906204223633
0.5429761409759521
0.6171636581420898
0.5458360314369202
0.6058418154716492
0.6472237706184387
0.40990501642227173
0.5321052670478821
0.6619126200675964
0.5828163027763367
0.5780916213989258
0.6188517212867737
0.6445470452308655
0.6555373072624207
0.39953863620758057
0.6096766591072083
0.5570078492164612
0.620432436466217
0.598991334438324
0.5760045051574707
0.6622065901756287
0.6955755949020386
0.6214370131492615
0.553013801574707
0.6133908629417419
0.6743158102035522
0.6272544264793396
0.6206635236740112
0.6346641182899475
0.6719679832458496
0.6579140424728394
0.5821541547775269
0.5274057984352112
0.7172343730926514
0.5032612681388855
0.62331223487854
0.5540450811386108
0.6428433060646057
0.6428349018096924
0.6687774062156677
0.6181333065032959
0.6019416451454163
0.6019188165664673
0.6239390969276428
0.6701534986495972
0.6898254752159119
0.631745457649231
0.6997216939926147
0.6085479259490967
0.6238947510719299
0.656375527381897
0.6768028140068054
0.6898588538169861
0.574529767036438
0.588358461856842
0.6227723360061646
0.6545436978340149
0.6443035006523132
0.6636574864387512
0.6122537851333618
0.6050744652748108
0.5964189767837524
0.5906884074211121
0.6030204892158508
0.6042797565460205
0.5871690511703491
0.6231649518013
0.5731803774833679
0.6556234955787659
0.5320532321929932
0.6186738014221191
0.6265159249305725
0.6139142513275146
0.6449217200279236
0.7044727802276611
0.6525958776473999
0.4935351014137268
0.6293676495552063
0.6234264373779297
0.6449623703956604
0.6154672503471375
0.5867802500724792
0.6804513335227966
0.6255842447280884
0.4918895959854126
0.6002379655838013
0.645514190196991
0.6115992069244385
0.6184084415435791
0.6092276573181152
0.6440073847770691
0.6127203106880188
0.666840136051178
0.6685782670974731
0.580181360244751
0.6355100274085999
0.6281008124351501
0.6220751404762268
0.5149635076522827
0.6081618666648865
0.5270597338676453
0.5812309384346008
0.6431968212127686
0.5988175272941589
0.5391048789024353
0.5701845288276672
0.6384361386299133
0.5850515961647034
0.5514972805976868
0.664654016494751
0.6327007412910461
0.6003249287605286
0.5649521350860596
0.6557025909423828
0.64773029088974
0.5010717511177063
0.6737986207008362
0.6297563910484314
0.6145322322845459
0.6142556667327881
0.6524122953414917
0.5634592175483704
0.5539701581001282
0.5663732886314392
0.5873202681541443
0.6347023248672485
0.6202442646026611
0.6032633781433105
0.5864508152008057
0.6201761364936829
0.6337293386459351
0.672448992729187
0.6774787306785583
0.6413713097572327
0.5998972654342651
0.6731370091438293
0.6704192757606506
0.6061978936195374
0.643631637096405
0.5177989602088928
0.6401424407958984
0.6195380091667175
0.6673008799552917
0.6544084548950195
0.6310386657714844
0.5979964733123779
0.656734824180603
0.6258502006530762
0.6416335701942444
0.6396510004997253
0.6619360446929932
0.6398531794548035
0.6012948751449585
0.6660025119781494
0.6335107088088989
0.6235296130180359
0.6620702743530273
0.6006040573120117
0.615403950214386
0.6533963680267334
0.6242759227752686
0.6135874390602112
0.6586885452270508
0.6457472443580627
0.6223470568656921
0.6741662621498108
0.6346955299377441
0.6767275929450989
0.6319742798805237
0.6781467199325562
0.6454199552536011
0.6339626908302307
0.6152830123901367
0.6582062244415283
0.5869738459587097
0.5354436039924622
0.5665964484214783
0.6399810314178467
0.6195354461669922
0.6159279942512512
0.6588302254676819
0.6170185804367065
0.6245924234390259
0.6679036021232605
0.5725293159484863
0.6045623421669006
0.6559059619903564
0.6164374351501465
0.6209054589271545
0.6672707200050354
0.6184543371200562
0.6257468461990356
0.6227173209190369
0.6356767416000366
0.5944873094558716
0.6560860276222229
0.6157387495040894
0.582975447177887
0.5748400688171387
0.6319583654403687
0.6231008172035217
0.6630892753601074
0.6041147112846375
0.5977869629859924
0.6386311650276184
0.5373285412788391
0.6371444463729858
0.672675371170044
0.6727600693702698
0.5076754689216614
0.6013124585151672
0.5765556693077087
0.6513285636901855
0.4850964844226837
0.6265478730201721
0.654558539390564
0.6476439833641052
0.6023589968681335
0.6322688460350037
0.6232028603553772
0.6776108145713806
0.6195988655090332
0.6363187432289124
0.5711266398429871
0.6387119293212891
0.6187025308609009
0.5946621298789978
0.6257145404815674
0.554003894329071
0.609428882598877
0.6188652515411377
0.5573816895484924
0.5906338095664978
0.503695547580719
0.5614238381385803
0.6096535325050354
0.6091323494911194
0.532597005367279
0.6245463490486145
0.6525272130966187
0.6503719091415405
0.5896943807601929
0.631085991859436
0.6200234889984131
0.5450118780136108
0.45889922976493835
0.6449682116508484
0.5133111476898193
0.6083658933639526
0.5636849999427795
0.6485543251037598
0.6611441969871521
0.622110903263092
0.587723970413208
0.543243944644928
0.6128851175308228
0.5785857439041138
0.5815302729606628
0.5164564251899719
0.46311718225479126
0.7272925972938538
0.6372899413108826
0.6072529554367065
0.5952126979827881
0.6312649250030518
0.6152769923210144
0.5528433322906494
0.631540834903717
0.586493730545044
0.5143503546714783
0.5961318016052246
0.6656851768493652
0.48421159386634827
0.563355028629303
0.5989242792129517
0.5932660102844238
0.6108832359313965
0.5892547965049744
0.5506371855735779
0.5975074768066406
0.6447580456733704
0.6121394038200378
0.6561138033866882
0.6521208882331848
0.7274940013885498
0.5646666884422302
0.6710565090179443
0.6107605695724487
0.6284500360488892
0.6161741018295288
0.5793066620826721
0.6407944560050964
0.6088894605636597
0.5966722965240479
0.5982087850570679
0.6577292680740356
0.702279269695282
0.5969305634498596
0.6562776565551758
0.6620940566062927
0.5785447359085083
0.611545741558075
0.6134833693504333
0.5168265104293823
0.6601486802101135
0.6728883385658264
0.6379600167274475
0.5655660033226013
0.5965380668640137
0.6087918877601624
0.6523247361183167
0.6433315873146057
0.5966925621032715
0.6483269929885864
0.6239587664604187
0.6434879302978516
0.6553590893745422
0.575085461139679
0.6386879682540894
0.5449432730674744
0.5806856155395508
0.5948886275291443
0.6120015978813171
0.6375454664230347
0.6736789345741272
0.6317036151885986
0.6240200400352478
0.6277533769607544
0.5980769991874695
0.5960748791694641
0.6665450930595398
0.6616692543029785
0.5710262060165405
0.5924079418182373
0.5847047567367554
0.5866846442222595
0.6739291548728943
0.5599624514579773
0.6708261966705322
0.5568637847900391
0.645764946937561
0.6227259039878845
0.6340133547782898
0.6256068348884583
0.6137758493423462
0.6169591546058655
0.6297217607498169
0.6339327692985535
0.6775253415107727
0.6906875967979431
0.6559204459190369
0.6782355904579163
0.6078190803527832
0.5692652463912964
0.6169394850730896
0.6760058999061584
0.6782351136207581
0.6325564980506897
0.6369777321815491
0.6261561512947083
0.6283690333366394
0.7107514142990112
0.511742889881134
0.609194815158844
0.6250850558280945
0.6230765581130981
0.6461559534072876
0.5991937518119812
0.6694743037223816
0.639558732509613
0.6111082434654236
0.6552302241325378
0.6339383125305176
0.664546549320221
0.5811989307403564
0.6373196840286255
0.6205800771713257
0.6514401435852051
0.6559967398643494
0.6239465475082397
0.6815916299819946
0.5882218480110168
0.6678512096405029
0.6257699728012085
0.6322711706161499
0.6196454167366028
0.6057649850845337
0.585138201713562
0.5930538773536682
0.6088339686393738
0.671045184135437
0.5953026413917542
0.6575307846069336
0.6091999411582947
0.6023304462432861
0.6284540295600891
0.5773994326591492
0.6342194676399231
0.6559131145477295
0.6408706307411194
0.5280094742774963
0.6139402985572815
0.6464590430259705
0.6437482833862305
0.5165846943855286
0.6227458119392395
0.678530216217041
0.665485680103302
0.6764551997184753
0.6389908790588379
0.6493913531303406
0.6253938674926758
0.6657130718231201
0.5518825650215149
0.6551451086997986
0.5783540606498718
0.7129309773445129
0.5972680449485779
0.6298311352729797
0.6738175749778748
0.5781292915344238
0.6281214952468872
0.6386025547981262
0.5630093812942505
0.5000842809677124
0.6054899096488953
0.6105746626853943
0.6858080625534058
0.6200211048126221
0.6203157901763916
0.6589635014533997
0.63206547498703
0.626722514629364
0.5363840460777283
0.6208159327507019
0.6039978861808777
0.6428653597831726
0.6571505069732666
0.5266307592391968
0.41270703077316284
0.56165611743927
0.6548094749450684
0.6262301206588745
0.6124090552330017
0.5638449788093567
0.6692578792572021
0.6485867500305176
0.5856582522392273
0.5982860326766968
0.6935787796974182
0.6575053930282593
0.5638261437416077
0.7072532773017883
0.5523937344551086
0.5765441060066223
0.6468510031700134
0.6553726196289062
0.6364591121673584
0.6828833222389221
0.6020383238792419
0.6510955095291138
0.6319273710250854
0.6459798812866211
0.650814950466156
0.6163715124130249
0.634611964225769
0.6424989700317383
0.6463441252708435
0.5157060623168945
0.6307248473167419
0.6913991570472717
0.6816549301147461
0.5772174596786499
0.6241939067840576
0.6687865853309631
0.6682213544845581
0.658534824848175
0.6145777702331543
0.600092351436615
0.6433901190757751
0.6406378149986267
0.5515220761299133
0.5685824155807495
0.6139586567878723
0.5607765316963196
0.5824707746505737
0.5885132551193237
0.575761616230011
0.6853697299957275
0.6156564354896545
0.637963056564331
0.5766032338142395
0.6631210446357727
0.6465429663658142
0.5396696925163269
0.588104248046875
0.6142744421958923
0.6071521043777466
0.63178950548172
0.59696364402771
0.6080402135848999
0.6538556218147278
0.601118803024292
0.6032049059867859
0.6837074756622314
0.5953085422515869
0.6087731719017029
0.6330708861351013
0.5859667658805847
0.656327486038208
0.6089674234390259
0.562562108039856
0.6020949482917786
0.6124411821365356
0.557111918926239
0.5516698360443115
0.6516990065574646
0.5796005129814148
0.56239253282547
0.6436050534248352
0.6994343996047974
0.65217125415802
0.5899726748466492
0.7122867703437805
0.6175297498703003
0.6801578998565674
0.6455320119857788
0.6082288026809692
0.5986207127571106
0.5716300010681152
0.5931035280227661
0.5937269330024719
0.6869973540306091
0.5533757209777832
0.5665785074234009
0.6408564448356628
0.5683650970458984
0.5849205851554871
0.5124304294586182
0.5484352111816406
0.6283986568450928
0.630715548992157
0.6290526390075684
0.6571575999259949
0.5965155363082886
0.6228259801864624
0.5733272433280945
0.6247895956039429
0.6505476832389832
0.6001147627830505
0.5525621175765991
0.5624784827232361
0.6269265413284302
0.6312622427940369
0.6396626830101013
0.5645456314086914
0.4754537045955658
0.5972670912742615
0.5993452072143555
0.680702805519104
0.6066489219665527
0.6088595390319824
0.5964279174804688
0.4631498157978058
0.6881656646728516
0.6593483090400696
0.6792622804641724
0.6573020815849304
0.5749004483222961
0.6111379861831665
0.618087649345398
0.6190728545188904
0.5667328238487244
0.6353990435600281
0.6214534044265747
0.6163026094436646
0.6745990514755249
0.6226361989974976
0.6300538182258606
0.6294849514961243
0.6100916862487793
0.6283352971076965
0.4032294452190399
0.5728656649589539
0.5673652291297913
0.6010056734085083
0.4067034125328064
0.5755074620246887
0.5427520871162415
0.5464481711387634
0.5979964733123779
0.6475843191146851
0.6514782309532166
0.5118914842605591
0.6401417255401611
0.6415353417396545
0.6690850257873535
0.575295627117157
0.6770598888397217
0.6296395659446716
0.6578156352043152
0.5593227744102478
0.46039071679115295
0.6491824984550476
0.5750210881233215
0.5822361707687378
0.5416055917739868
0.5668079257011414
0.5951289534568787
0.49551454186439514
0.6557288765907288
0.6169600486755371
0.6776377558708191
0.5923561453819275
0.627934455871582
0.6193088889122009
0.5605286955833435
0.6411694884300232
0.628338098526001
0.631013810634613
0.6871891021728516
0.6067816019058228
0.6843827962875366
0.6028321981430054
0.6766185760498047
0.6332736015319824
0.6001073718070984
0.6394757032394409
0.6018772721290588
0.5786281228065491
0.6163891553878784
0.6000885367393494
0.6433482766151428
0.6512135863304138
0.5134899616241455
0.6569545269012451
0.5476121306419373
0.6875366568565369
0.508608877658844
0.719835638999939
0.6117332577705383
0.5973070859909058
0.6091331839561462
0.539654016494751
0.6214939951896667
0.5859376788139343
0.620789110660553
0.6292077302932739
0.6727843880653381
0.574491024017334
0.6295099258422852
0.5589877963066101
0.6223287582397461
0.6159376502037048
0.6279224157333374
0.6005578637123108
0.626142680644989
0.6304422616958618
0.5989946126937866
0.6461095213890076
0.6101193428039551
0.6738647222518921
0.6045748591423035
0.5219412446022034
0.6866164207458496
0.5876202583312988
0.6409099102020264
0.7132484316825867
0.5842143893241882
0.6294835209846497
0.528811514377594
0.4960567057132721
0.5360804200172424
0.6635124683380127
0.624514102935791
0.6652112007141113
0.619132936000824
0.6551068425178528
0.5908976197242737
0.5846516489982605
0.6539411544799805
0.6026926636695862
0.6405543684959412
0.6335201859474182
0.6517589092254639
0.6468114852905273
0.5727614164352417
0.6439788937568665
0.6250196695327759
0.5596736669540405
0.5890970230102539
0.6269526481628418
0.6068164706230164
0.6332715153694153
0.7074297070503235
0.6225365400314331
0.6541188359260559
0.5743467211723328
0.5434616804122925
0.5374616384506226
0.5738465189933777
0.6689234972000122
0.6258308291435242
0.6541094779968262
0.6146059632301331
0.6878643035888672
0.6192561388015747
0.6475843191146851
0.6130459308624268
0.689541757106781
0.6220174431800842
0.6362284421920776
0.6301591396331787
0.6031248569488525
0.6202830076217651
0.6045325398445129
0.6172256469726562
0.4201129078865051
0.5738800764083862
0.6707702875137329
0.6976956129074097
0.5829334259033203
0.6187222599983215
0.5354174375534058
0.5367692708969116
0.6153730750083923
0.5602455139160156
0.6160364747047424
0.646013081073761
0.5135278105735779
0.6141758561134338
0.5988673567771912
0.520175576210022
0.5912716388702393
0.5911604762077332
0.4587654173374176
0.5853637456893921
0.5752795338630676
0.5968166589736938
0.6315847039222717
0.6420559287071228
0.37916815280914307
0.6530520915985107
0.5669906139373779
0.5364135503768921
0.6089099049568176
0.6651352047920227
0.4976699650287628
0.5734963417053223
0.6564157009124756
0.6624214053153992
0.5591539144515991
0.6281896233558655
0.5598041415214539
0.6122099757194519
0.668302059173584
0.5728753805160522
0.635217547416687
0.6011547446250916
0.5735275745391846
0.6916875243186951
0.49276870489120483
0.6080829501152039
0.6024366021156311
0.6098862290382385
0.6116650104522705
0.6757932901382446
0.651264488697052
0.6566513776779175
0.6376078724861145
0.6199527978897095
0.5220564007759094
0.603002667427063
0.630855917930603
0.5305556654930115
0.6461765766143799
0.6402196884155273
0.5929884910583496
0.6794058680534363
0.5645184516906738
0.5491983294487
0.6199451684951782
0.5233588814735413
0.6447027325630188
0.6163625717163086
0.5764405727386475
0.6573478579521179
0.5905132293701172
0.6290836930274963
0.5982034206390381
0.6312097311019897
0.6103630065917969
0.6153272986412048
0.6067597270011902
0.5862394571304321
0.4834193289279938
0.4139452278614044
0.531798243522644
0.466744601726532
0.6288759708404541
0.6460086703300476
0.5980119109153748
0.6503808498382568
0.6387864947319031
0.6416016817092896
0.6009708046913147
0.5987734794616699
0.6398559212684631
0.6145585179328918
0.6379748582839966
0.6091403365135193
0.3867696523666382
0.5988566875457764
0.6149765849113464
0.6440000534057617
0.6471936106681824
0.5775224566459656
0.6397804021835327
0.5510035157203674
0.5956724286079407
0.6156943440437317
0.5215855836868286
0.5797716975212097
0.5006449818611145
0.6319954991340637
0.5640088319778442
0.5659590363502502
0.6074527502059937
0.611091673374176
0.6073020100593567
0.627689778804779
0.5573287010192871
0.6475744247436523
0.6446304321289062
0.5835233926773071
0.5651459097862244
0.5468413233757019
0.5956776738166809
0.6081985831260681
0.6461866497993469
0.5649428963661194
0.5900478959083557
0.600782573223114
0.536810040473938
0.6083686947822571
0.5777059197425842
0.5636895298957825
0.6723626255989075
0.5508905053138733
0.646548867225647
0.675775408744812
0.5418148040771484
0.620891809463501
0.6351681351661682
0.6295086145401001
0.5965921878814697
0.6095832586288452
0.5779417157173157
0.512812077999115
0.6037927865982056
0.5873225331306458
0.6135438084602356
0.5885395407676697
0.6525921821594238
0.6187821626663208
0.597470760345459
0.6713842153549194
0.5888738036155701
0.6475843191146851
0.6448786854743958
0.5660510063171387
0.5427867770195007
0.6658686995506287
0.6247453093528748
0.5999229550361633
0.6209309101104736
0.5887939929962158
0.6117412447929382
0.5058340430259705
0.6354122757911682
0.6293882727622986
0.5845434069633484
0.5932607054710388
0.6156010031700134
0.593699038028717
0.6543726325035095
0.6547477841377258
0.5694119930267334
0.6067761778831482
0.6198053359985352
0.5817042589187622
0.5827306509017944
0.6117636561393738
0.6665926575660706
0.5986894369125366
0.6244423389434814
0.5248847007751465
0.6359310150146484
0.5682694911956787
0.6137784123420715
0.5534003376960754
0.6027952432632446
0.6069586277008057
0.6671319603919983
0.6349942088127136
0.6100836992263794
0.6037276983261108
0.5840694308280945
0.5290549397468567
0.5044039487838745
0.6353418827056885
0.5688484311103821
0.6761970520019531
0.5874301791191101
0.5509222745895386
0.6461905837059021
0.6560794115066528
0.631014883518219
0.583827555179596
0.587912917137146
0.6132568120956421
0.6242756843566895
0.6663510203361511
0.6062433123588562
0.5084291696548462
0.6150938272476196
0.6351988911628723
0.5811132788658142
0.6125489473342896
0.5510172843933105
0.6279508471488953
0.6088109612464905
0.6237075924873352
0.6307963728904724
0.6004845499992371
0.6642052531242371
0.6438272595405579
0.6752597093582153
0.5826672911643982
0.672612726688385
0.604584276676178
0.6143651604652405
0.6026716828346252
0.6206955909729004
0.6069576144218445
0.5671646595001221
0.6951269507408142
0.6965150833129883
0.5774480104446411
0.5459491014480591
0.6659548878669739
0.6739806532859802
0.6832743287086487
0.6042875051498413
0.5993397831916809
0.6346797943115234
0.6012450456619263
0.48532405495643616
0.6588120460510254
0.5857759714126587
0.5969399809837341
0.6150304079055786
0.5281637907028198
0.6327384114265442
0.5800317525863647
0.6102069616317749
0.614608883857727
0.597382128238678
0.644157886505127
0.5332765579223633
0.6378501057624817
0.6500502824783325
0.5778670310974121
0.6359235644340515
0.5332505702972412
0.6024366617202759
0.6875686049461365
0.6267597079277039
0.6412519812583923
0.5933030843734741
0.6282580494880676
0.5395108461380005
0.6328502893447876
0.6223366856575012
0.631093442440033
0.5826449990272522
0.6018283367156982
0.35429704189300537
0.6288377642631531
0.6055492758750916
0.581542432308197
0.6283450126647949
0.6335089206695557
0.6181474328041077
0.615804135799408
0.6611658930778503
0.6533126831054688
0.592131495475769
0.6062923073768616
0.6380615234375
0.5749397873878479
0.6008841395378113
0.6400409936904907
0.6136875748634338
0.6327028274536133
0.678352415561676
0.6366766095161438
0.6343493461608887
0.5440868735313416
0.6118624806404114
0.6593352556228638
0.6585972905158997
0.5766184329986572
0.6069839596748352
0.6724494099617004
0.6241428852081299
0.6863061785697937
0.6306313872337341
0.5919039249420166
0.638273298740387
0.5537382364273071
0.6146910190582275
0.6317890286445618
0.5700379610061646
0.6531058549880981
0.5971014499664307
0.6864914894104004
0.5276078581809998
0.6197511553764343
0.5586126446723938
0.6744654178619385
0.677513062953949
0.5643936991691589
0.6202552318572998
0.5771925449371338
0.6278271079063416
0.368154913187027
0.520257294178009
0.5947282314300537
0.6031836271286011
0.61871737241745
0.5955268740653992
0.610647976398468
0.6193543076515198
0.4709813892841339
0.6127928495407104
0.5985422730445862
0.6578790545463562
0.6361532807350159
0.5692875385284424
0.5744478702545166
0.6554974317550659
0.5938910841941833
0.5930803418159485
0.6309950351715088
0.5666763186454773
0.6265659332275391
0.6403406262397766
0.5910033583641052
0.610651969909668
0.6413500905036926
0.5065715909004211
0.5731727480888367
0.6287901401519775
0.5889660716056824
0.6211549639701843
0.643394947052002
0.6640915274620056
0.6659432053565979
0.6203577518463135
0.6529468297958374
0.5887899398803711
0.7069765329360962
0.21491166949272156
0.6890991926193237
0.6333061456680298
0.622214138507843
0.6344717741012573
0.5433467030525208
0.6174076795578003
0.5982572436332703
0.669032633304596
0.6464717388153076
0.6686190962791443
0.5974072217941284
0.6421905755996704
0.6226569414138794
0.6759291887283325
0.5719097256660461
0.5831849575042725
0.5863733887672424
0.6103734970092773
0.5815581679344177
0.30809998512268066
0.5376954078674316
0.5537009835243225
0.577181875705719
0.6188905239105225
0.6315617561340332
0.6454583406448364
0.6045557856559753
0.5985711812973022
0.6751140356063843
0.6294379234313965
0.5911350846290588
0.40104493498802185
0.6186313629150391
0.6427499055862427
0.597611129283905
0.6637811064720154
0.60089111328125
0.5309047698974609
0.5277922749519348
0.5832259058952332
0.5887033343315125
0.6083913445472717
0.6426397562026978
0.6172653436660767
0.5245320200920105
0.49217554926872253
0.6182901263237
0.7281944155693054
0.6102843880653381
0.5543040633201599
0.6488921642303467
0.6538581848144531
0.646817684173584
0.5516546368598938
0.611901581287384
0.6318134069442749
0.6619957089424133
0.6734123826026917
0.6459847688674927
0.5756534934043884
0.5538290143013
0.5181321501731873
0.5455505847930908
0.6131272315979004
0.656440794467926
0.6497163772583008
0.5740110874176025
0.5557560324668884
0.6489277482032776
0.6572839021682739
0.48138344287872314
0.6123424172401428
0.5921182036399841
0.6254611611366272
0.6377333402633667
0.6172500252723694
0.6415191292762756
0.6371439099311829
0.5959521532058716
0.539457380771637
0.5853073000907898
0.5904773473739624
0.5948153138160706
0.6460829973220825
0.6448261737823486
0.5951127409934998
0.6208674907684326
0.6031583547592163
0.5935258865356445
0.6323505640029907
0.6018490195274353
0.5640063881874084
0.624204695224762
0.6230466365814209
0.6609867811203003
0.6001050472259521
0.6325360536575317
0.6023229360580444
0.617614209651947
0.5334271788597107
0.6434416174888611
0.6099957823753357
0.581174373626709
0.6235431432723999
0.6363115310668945
0.6553724408149719
0.616837739944458
0.5905721783638
0.5979964733123779
0.5325274467468262
0.6164150238037109
0.564727246761322
0.5710489749908447
0.6255691051483154
0.5948747396469116
0.6682771444320679
0.5268795490264893
0.6235846877098083
0.456407755613327
0.6511608362197876
0.6429314613342285
0.6095483303070068
0.6189377307891846
0.6202760934829712
0.6828886270523071
0.6992743015289307
0.5461673140525818
0.6470455527305603
0.5334019660949707
0.6370896100997925
0.6321924328804016
0.5323323011398315
0.5979964733123779
0.6199498176574707
0.6419349312782288
0.6326566934585571
0.6045756340026855
0.5831883549690247
0.6138877868652344
0.6630322337150574
0.5249417424201965
0.5767204165458679
0.6510851383209229
0.6456315517425537
0.5627212524414062
0.5995922088623047
0.569638729095459
0.5947584509849548
0.6102463006973267
0.5914719104766846
0.6428413987159729
0.6312261819839478
0.6459763050079346
0.632082462310791
0.6228247880935669
0.7032638192176819
0.5620569586753845
0.6174149513244629
0.6311362981796265
0.6601222157478333
0.6000258922576904
0.594724178314209
0.6752334833145142
0.6601638793945312
0.5658078789710999
0.6167954206466675
0.6125196218490601
0.6534726023674011
0.6072494983673096
0.6424219608306885
0.6323424577713013
0.5640031099319458
0.6443883776664734
0.6124309301376343
0.6040533781051636
0.5966980457305908
0.5944810509681702
0.6281657218933105
0.48723486065864563
0.5680070519447327
0.6411362290382385
0.5500063896179199
0.611312747001648
0.6309945583343506
0.4304448962211609
0.5456872582435608
0.5610724687576294
0.5898001790046692
0.5368459820747375
0.6330204010009766
0.630060613155365
0.6624630689620972
0.6211988925933838
0.5625907778739929
0.6488925814628601
0.6187829375267029
0.625320315361023
0.6401847004890442
0.4803958833217621
0.6152105927467346
0.539642870426178
0.6033520698547363
0.5885716676712036
0.6154111623764038
0.619904637336731
0.4804520010948181
0.655155599117279
0.635883629322052
0.5524353981018066
0.6105177402496338
0.5274116396903992
0.630333423614502
0.5951400399208069
0.48686161637306213
0.6366927027702332
0.5869962573051453
0.3875938653945923
0.5507171154022217
0.5886521935462952
0.44135189056396484
0.6736626029014587
0.5560500025749207
0.5932395458221436
0.571309506893158
0.4984397292137146
0.6275590062141418
0.6535224318504333
0.6914708018302917
0.6995998024940491
0.5784144997596741
0.6023217439651489
0.6883646249771118
0.6681379675865173
0.619809627532959
0.6506659388542175
0.5972346067428589
0.6088353395462036
0.6002963185310364
0.6368834376335144
0.6123228073120117
0.5005331039428711
0.678333580493927
0.5381129384040833
0.5610736608505249
0.5943946838378906
0.5322133302688599
0.6022472977638245
0.5886831879615784
0.5793470144271851
0.5937535762786865
0.6230418682098389
0.7007459402084351
0.6284545063972473
0.5944338440895081
0.6544256806373596
0.6715364456176758
0.6173316240310669
0.5669320821762085
0.6218168139457703
0.6800519824028015
0.6063539981842041
0.5722714066505432
0.6220024824142456
0.5467234253883362
0.6746349334716797
0.5952857732772827
0.6307784914970398
0.6124324202537537
0.635648250579834
0.6318345069885254
0.6102682948112488
0.5477043986320496
0.6537087559700012
0.6708168387413025
0.7028985023498535
0.700249969959259
0.6017517447471619
0.5972288250923157
0.6138631105422974
0.6507475972175598
0.5956902503967285
0.6599124670028687
0.6404690742492676
0.5712153315544128
0.5645078420639038
0.6544737219810486
0.640192449092865
0.6518810987472534
0.643610417842865
0.5822321772575378
0.616031289100647
0.6348174810409546
0.5963248014450073
0.5866013169288635
0.592890202999115
0.6510589122772217
0.5955920815467834
0.6329935789108276
0.6275720596313477
0.5956400036811829
0.4444979727268219
0.6100468635559082
0.5865209698677063
0.5117670297622681
0.6492157578468323
0.5958331227302551
0.5836264491081238
0.5943946838378906
0.6238056421279907
0.5428389310836792
0.44698280096054077
0.6379659175872803
0.6248427033424377
0.6284380555152893
0.6178976893424988
0.6130982637405396
0.5694547295570374
0.6636534929275513
0.6494042277336121
0.7159296274185181
0.6202239394187927
0.5774105787277222
0.5938273668289185
0.6088614463806152
0.41567349433898926
0.5799524784088135
0.6367313861846924
0.6558853387832642
0.6623849868774414
0.586794912815094
0.6109170317649841
0.6017700433731079
0.5898320078849792
0.5844845771789551
0.613970160484314
0.6677225828170776
0.6173760890960693
0.6552587151527405
0.6552249789237976
0.5181165933609009
0.6253846287727356
0.6492342948913574
0.6756513118743896
0.619365930557251
0.602675199508667
0.6344056725502014
0.6925477981567383
0.6940164566040039
0.63801509141922
0.6570042371749878
0.6305307149887085
0.513489305973053
0.5548803806304932
0.58014315366745
0.6452720761299133
0.5746438503265381
0.6324256062507629
0.5364721417427063
0.5709373950958252
0.5777207612991333
0.6361180543899536
0.5289793610572815
0.661309540271759
0.6541736721992493
0.6109569668769836
0.6250540018081665
0.6292390823364258
0.636032223701477
0.5549492239952087
0.5558493137359619
0.6829941272735596
0.6252799034118652
0.6499583125114441
0.5440965294837952
0.5862394571304321
0.512514591217041
0.6257947087287903
0.6440560221672058
0.5689032673835754
0.6498203873634338
0.5845458507537842
0.6896037459373474
0.6242331862449646
0.6120338439941406
0.6335734128952026
0.5770794749259949
0.6640796065330505
0.6021605134010315
0.5244687795639038
0.5607375502586365
0.5603300929069519
0.689368486404419
0.668006956577301
0.6689323782920837
0.5715208649635315
0.5519489645957947
0.6877778768539429
0.5988370180130005
0.5314441323280334
0.5532252788543701
0.6133157014846802
0.592082679271698
0.6543759703636169
0.5471175312995911
0.5450422167778015
0.587846040725708
0.6008334159851074
0.5805166959762573
0.5994094610214233
0.5978439450263977
0.6358689665794373
0.5924529433250427
0.6436230540275574
0.547804057598114
0.6723006963729858
0.564346969127655
0.6086008548736572
0.5711366534233093
0.6212055087089539
0.6000218391418457
