0.6821810007095337
0.7281246185302734
0.6610325574874878
0.6652213335037231
0.6690334677696228
0.6497005820274353
0.667283296585083
0.718721866607666
0.6869957447052002
0.7080909609794617
0.696898341178894
0.5422080159187317
0.6146775484085083
0.6550214290618896
0.7197542190551758
0.6695703268051147
0.6088888645172119
0.716972827911377
0.7556637525558472
0.6761558055877686
0.7022488713264465
0.7221112847328186
0.7200006246566772
0.6672919988632202
0.6907708644866943
0.6695749759674072
0.6567904949188232
0.7101597189903259
0.6881803870201111
0.6672130227088928
0.6485785245895386
0.7177032828330994
0.5533342361450195
0.6740248799324036
0.6400496959686279
0.7146698832511902
0.6682214736938477
0.5951007604598999
0.7075409293174744
0.582339882850647
0.6888670325279236
0.6650201678276062
0.6579861640930176
0.7258000373840332
0.7201252579689026
0.7072899341583252
0.6698756814002991
0.721348762512207
0.7253067493438721
0.5512307286262512
0.5983455777168274
0.6217027902603149
0.7294940948486328
0.6761424541473389
0.507046639919281
0.7052954435348511
0.6955453753471375
0.6557451486587524
0.6700252294540405
0.5842729806900024
0.6896427869796753
0.6577737331390381
0.7126113176345825
0.7101393938064575
0.6739095449447632
0.6834201812744141
0.6928389072418213
0.7355621457099915
0.6928297281265259
0.7121016979217529
0.6942492723464966
0.6668122410774231
0.6386722922325134
0.688366711139679
0.6899811029434204
0.6588906645774841
0.6957539319992065
0.719689667224884
0.6920660734176636
0.6995477080345154
0.6931548118591309
0.7216887474060059
0.6012951135635376
0.7026329636573792
0.69686359167099
0.6666812896728516
0.6735684871673584
0.645316481590271
0.7422453165054321
0.7141026258468628
0.7583560943603516
0.5980079770088196
0.5876121520996094
0.5771147608757019
0.6809442639350891
0.6844907402992249
0.7301672101020813
0.7179229855537415
0.7035858631134033
0.5921837687492371
0.6509460210800171
0.6300740242004395
0.7474961876869202
0.6799836158752441
0.7002651691436768
0.7233218550682068
0.7282716035842896
0.6793767213821411
0.5870939493179321
0.7217727303504944
0.6492156982421875
0.7156773805618286
0.7072308659553528
0.664932906627655
0.6739029288291931
0.7038927674293518
0.7265666127204895
0.6642722487449646
0.5681794285774231
0.6170650720596313
0.6930785179138184
0.637303352355957
0.6000904440879822
0.5835822224617004
0.6636876463890076
0.6920523047447205
0.6448163390159607
0.6929252743721008
0.6995106339454651
0.6044710278511047
0.6862527132034302
0.6948305368423462
0.7205699682235718
0.6924368143081665
0.713768482208252
0.6604429483413696
0.6488476991653442
0.6787310242652893
0.7150373458862305
0.6903810501098633
0.7055191397666931
0.704387903213501
0.5275511741638184
0.6844008564949036
0.6974684000015259
0.6488708853721619
0.5885505676269531
0.7129363417625427
0.68623948097229
0.7036821842193604
0.703440248966217
0.667657196521759
0.6278453469276428
0.668793797492981
0.6393157839775085
0.6626676321029663
0.6575317978858948
0.6102656722068787
0.729865312576294
0.6752086281776428
0.5771515369415283
0.52382892370224
0.6630105972290039
0.7067498564720154
0.6585386991500854
0.6836425065994263
0.7186426520347595
0.6836692690849304
0.7015714645385742
0.7049206495285034
0.6831094622612
0.7538778781890869
0.6868313550949097
0.6764973998069763
0.6794269680976868
0.6981797814369202
0.6390817761421204
0.7350958585739136
0.5498154163360596
0.6318877935409546
0.721459686756134
0.7226211428642273
0.7408370971679688
0.6539061069488525
0.7125641107559204
0.706173837184906
0.70900958776474
0.5921773314476013
0.7091957926750183
0.6435301303863525
0.6013885140419006
0.7303543090820312
0.633799135684967
0.557909369468689
0.7174859642982483
0.6882286667823792
0.6554758548736572
0.6365327835083008
0.6633918881416321
0.710819661617279
0.6920676231384277
0.7227894067764282
0.5949068069458008
0.7011387944221497
0.6686143279075623
0.7051944136619568
0.6787742972373962
0.7025241255760193
0.7050749659538269
0.6938671469688416
0.672697901725769
0.6825923323631287
0.7081390619277954
0.6383806467056274
0.6869842410087585
0.7279698848724365
0.5941282510757446
0.7009947299957275
0.6767621636390686
0.6583327054977417
0.7033858895301819
0.6875379085540771
0.7059178352355957
0.6969696879386902
0.6862173080444336
0.7248483300209045
0.6124992370605469
0.7145546674728394
0.7102051973342896
0.4966815114021301
0.7465912103652954
0.671943187713623
0.6986724138259888
0.7297227382659912
0.6701223254203796
0.6733519434928894
0.7828404307365417
0.7021583318710327
0.6956571340560913
0.6803395748138428
0.7029775977134705
0.6761565804481506
0.7035231590270996
0.7298016548156738
0.750857412815094
0.6308427453041077
0.68935626745224
0.6945541501045227
0.7080420851707458
0.7285901308059692
0.7091905474662781
0.6832132935523987
0.6923605799674988
0.7086341977119446
0.7078803181648254
0.6843409538269043
0.6588289141654968
0.7175244092941284
0.6789419054985046
0.6662836670875549
0.540158212184906
0.6907183527946472
0.6360385417938232
0.7012274861335754
0.7042076587677002
0.6998787522315979
0.7206940054893494
0.7009860277175903
0.6926217675209045
0.69862300157547
0.6853166222572327
0.6310433149337769
0.7038310170173645
0.6953009366989136
0.5552694797515869
0.6588829755783081
0.7127425074577332
0.6630813479423523
0.7345613241195679
0.6902911067008972
0.6840917468070984
0.7230982184410095
0.6519598960876465
0.636727511882782
0.7290126085281372
0.6128212809562683
0.648227334022522
0.544957160949707
0.7095547318458557
0.6631453037261963
0.7092458605766296
0.7473450303077698
0.696966290473938
0.7074528932571411
0.7147209048271179
0.7605697512626648
0.7077879309654236
0.6300029754638672
0.6799983978271484
0.6852575540542603
0.6621021628379822
0.6529247164726257
0.7309838533401489
0.6969422101974487
0.6703252196311951
0.6706032156944275
0.6018997430801392
0.7147292494773865
0.6752970814704895
0.7304317951202393
0.6562987565994263
0.6972531676292419
0.6922658681869507
0.6628077626228333
0.687233030796051
0.6788925528526306
0.7370575070381165
0.7583128809928894
0.6579245328903198
0.7358304262161255
0.7160658836364746
0.7179371118545532
0.7057265043258667
0.6883673071861267
0.6778247356414795
0.6891589760780334
0.6889628767967224
0.6779295802116394
0.7098396420478821
0.6933532953262329
0.6497958302497864
0.7075833082199097
0.6633148193359375
0.7032559514045715
0.6989973187446594
0.6512152552604675
0.6319734454154968
0.6310384273529053
0.6064455509185791
0.7028140425682068
0.7092012166976929
0.6557451486587524
0.7096356153488159
0.7468242645263672
0.6900070905685425
0.6949158906936646
0.6919621229171753
0.7213115692138672
0.6950240731239319
0.6843274831771851
0.7211912870407104
0.712534487247467
0.7413032650947571
0.6123548746109009
0.680007815361023
0.6760035753250122
0.6677229404449463
0.6767589449882507
0.7563167214393616
0.7065422534942627
0.741759717464447
0.7330992221832275
0.7159227132797241
0.6767224073410034
0.6544527411460876
0.6771697998046875
0.5662797093391418
0.6968196630477905
0.639533519744873
0.6011524796485901
0.6409894227981567
0.6920499801635742
0.6434118747711182
0.6995159387588501
0.5965842604637146
0.5969763398170471
0.5610814690589905
0.6981143951416016
0.7218033075332642
0.6625061631202698
0.6124953031539917
0.6401184797286987
0.7131439447402954
0.646685004234314
0.6792800426483154
0.6737643480300903
0.6941242218017578
0.6753663420677185
0.71878981590271
0.6332826018333435
0.6782471537590027
0.646622359752655
0.6926956176757812
0.6637251377105713
0.6401210427284241
0.6453509330749512
0.7113736271858215
0.7043402194976807
0.6680914759635925
0.6860586404800415
0.6563746929168701
0.6837133765220642
0.7226981520652771
0.6760839223861694
0.6385749578475952
0.6761754155158997
0.6855733394622803
0.7038946151733398
0.6387926340103149
0.6927971839904785
0.6388615965843201
0.6571283936500549
0.6793970465660095
0.6888657212257385
0.6990001797676086
0.6480447053909302
0.6025072336196899
0.6179621815681458
0.7144402861595154
0.6929014325141907
0.7197256684303284
0.706978440284729
0.6907535791397095
0.7097910642623901
0.7137068510055542
0.715599000453949
0.7282555103302002
0.707510232925415
0.666236400604248
0.717498779296875
0.5738043189048767
0.5503813028335571
0.65972501039505
0.6970426440238953
0.6930984258651733
0.6654226183891296
0.7299946546554565
0.7443406581878662
0.7106554508209229
0.7403563857078552
0.6664827466011047
0.7030689120292664
0.6872481107711792
0.6443829536437988
0.6512177586555481
0.6540552377700806
0.6974778175354004
0.6684424877166748
0.6882448196411133
0.7228710055351257
0.6781771779060364
0.5978881120681763
0.6796828508377075
0.6877564191818237
0.691474199295044
0.709811806678772
0.652294397354126
0.6859554052352905
0.706981360912323
0.6923543214797974
0.6752427816390991
0.6647962927818298
0.6827664375305176
0.704341471195221
0.7034518718719482
0.7034599184989929
0.6931938529014587
0.6881549954414368
0.7033306956291199
0.7167721390724182
0.7143536806106567
0.714496374130249
0.699701726436615
0.6748824715614319
0.630890429019928
0.7020289301872253
0.65272456407547
0.7108245491981506
0.6719688773155212
0.691872775554657
0.6724470853805542
0.6703190207481384
0.6396072506904602
0.6958205103874207
0.7131875157356262
0.7072646617889404
0.6385884881019592
0.6889503002166748
0.7177324295043945
0.6769292950630188
0.5611028671264648
0.624812126159668
0.697922945022583
0.7941697835922241
0.7113142013549805
0.7162690758705139
0.5969946384429932
0.7021030783653259
0.7113146781921387
0.6598564982414246
0.6934654116630554
0.7045288681983948
0.709130048751831
0.6360775232315063
0.688721239566803
0.7238105535507202
0.6655082702636719
0.6555095911026001
0.6987591981887817
0.684224545955658
0.6456218957901001
0.7140817046165466
0.68888920545578
0.6826895475387573
0.6943109631538391
0.7132301330566406
0.7433423399925232
0.7494953274726868
0.7479540705680847
0.6986837387084961
0.6955164074897766
0.6838486194610596
0.6987802386283875
0.612640380859375
0.6496498584747314
0.5728695392608643
0.53120356798172
0.6594894528388977
0.7266509532928467
0.6947489380836487
0.6550107002258301
0.6592941284179688
0.7411887049674988
0.7398925423622131
0.7137120366096497
0.7260796427726746
0.7017265558242798
0.7068849802017212
0.6961697340011597
0.5867411494255066
0.6174492835998535
0.7217127680778503
0.6959198117256165
0.6552185416221619
0.6894964575767517
0.6019803285598755
0.6479787230491638
0.6860930323600769
0.6844267249107361
0.6655551791191101
0.7084656357765198
0.6948798298835754
0.8201116323471069
0.7031832337379456
0.7136625051498413
0.6729806661605835
0.6017948985099792
0.6833752989768982
0.5850902199745178
0.6321991682052612
0.6687707304954529
0.6770157217979431
0.6659298539161682
0.7079635262489319
0.7140059471130371
0.706597089767456
0.6693413853645325
0.7421446442604065
0.6816468238830566
0.5143811702728271
0.6752040982246399
0.7056463360786438
0.6309913396835327
0.6850897073745728
0.6556097269058228
0.6640034317970276
0.6672597527503967
0.6152541041374207
0.7058107852935791
0.6843605637550354
0.7034436464309692
0.6886119842529297
0.6826194524765015
0.6945053339004517
0.6963286995887756
0.5747141242027283
0.6554100513458252
0.6892245411872864
0.6621410846710205
0.7034955620765686
0.6740956902503967
0.6742030382156372
0.7103351950645447
0.798117995262146
0.6656844615936279
0.6775203347206116
0.6483662724494934
0.7196401357650757
0.7134512066841125
0.6661012768745422
0.7129196524620056
0.6981312036514282
0.5992701053619385
0.634274423122406
0.6970129609107971
0.7100163698196411
0.6848903298377991
0.697201669216156
0.6924363374710083
0.7072119116783142
0.6745335459709167
0.7011944651603699
0.6376780867576599
0.6940227150917053
0.7229661345481873
0.7034407258033752
0.6619681715965271
0.7344908714294434
0.6958875060081482
0.6867629885673523
0.6973560452461243
0.7160616517066956
0.6831409931182861
0.6230924129486084
0.693407416343689
0.5533010959625244
0.6832126379013062
0.7096005082130432
0.6794591546058655
0.6544698476791382
0.6781142354011536
0.6944000124931335
0.6893944144248962
0.6976853609085083
0.6855990886688232
0.6831594109535217
0.7155507802963257
0.6909882426261902
0.6899012923240662
0.6392093896865845
0.6520944237709045
0.6834025979042053
0.6955884695053101
0.7752672433853149
0.7018519043922424
0.6896124482154846
0.7086938619613647
0.6855632066726685
0.6813990473747253
0.6480158567428589
0.6689791679382324
0.7011199593544006
0.7137153744697571
0.6664915680885315
0.5940092206001282
0.7108608484268188
0.6648271679878235
0.6742945313453674
0.6921058893203735
0.6566976308822632
0.6819709539413452
0.7074695825576782
0.7114346623420715
0.6775303483009338
0.6982359290122986
0.722855269908905
0.6703315377235413
0.5966816544532776
0.6633970141410828
0.6510705947875977
0.6695919632911682
0.6823073029518127
0.6887667775154114
0.7132639288902283
0.6990806460380554
0.7171908020973206
0.6782359480857849
0.7022883296012878
0.7199409008026123
0.7225184440612793
0.6348750591278076
0.693552553653717
0.7203155755996704
0.7190334796905518
0.6748853921890259
0.680030107498169
0.7102535963058472
0.6746002435684204
0.666731059551239
0.7169778943061829
0.6678407788276672
0.7165389657020569
0.6126283407211304
0.6555104851722717
0.7094817757606506
0.6540215015411377
0.6802802681922913
0.6768274307250977
0.6814450025558472
0.7037186622619629
0.6484507322311401
0.631631076335907
0.7029635906219482
0.6536872982978821
0.5917981863021851
0.6673026084899902
0.7222974896430969
0.6805188655853271
0.6555818915367126
0.6901446580886841
0.6780726909637451
0.6978517174720764
0.5565974712371826
0.6699685454368591
0.7090460658073425
0.6847363114356995
0.6916291117668152
0.6995667219161987
0.6803101897239685
0.6599572896957397
0.6308536529541016
0.6457533240318298
0.7246535420417786
0.6800158619880676
0.7134838700294495
0.7216694355010986
0.6403851509094238
0.7091537117958069
0.6566782593727112
0.7094556093215942
0.6688585877418518
0.7088572978973389
0.6587293744087219
0.71559077501297
0.7019168138504028
0.6451817154884338
0.7090849280357361
0.71668940782547
0.6969022154808044
0.7054635882377625
0.6839653253555298
0.6463080644607544
0.7055249214172363
0.6462547779083252
0.7386115193367004
0.6696519255638123
0.7411856055259705
0.6912972927093506
0.7049115300178528
0.7259086966514587
0.6767141222953796
0.6643733382225037
0.6542646288871765
0.6964630484580994
0.7127459645271301
0.7064294219017029
0.7053129076957703
0.6599110960960388
0.6774038672447205
0.687552809715271
0.5611742734909058
0.6433302760124207
0.5951396226882935
0.6731393933296204
0.6732697486877441
0.7199254035949707
0.6883266568183899
0.7440442442893982
0.7174919843673706
0.7087031602859497
0.6950253248214722
0.7190458178520203
0.6648103594779968
0.6901515126228333
0.6977220177650452
0.6798232197761536
0.7047535181045532
0.711729109287262
0.6749259829521179
0.7523930668830872
0.7357550263404846
0.6748332977294922
0.5616661906242371
0.6886929869651794
0.7104215621948242
0.5843375325202942
0.7040242552757263
0.5999221205711365
0.5283355712890625
0.6018849611282349
0.6359173059463501
0.7003918290138245
0.5938610434532166
0.6961380243301392
0.5674259662628174
0.5816184878349304
0.7055099010467529
0.6835931539535522
0.7182050347328186
0.6961104273796082
0.7101239562034607
0.7048967480659485
0.677139401435852
0.6781584024429321
0.7521119117736816
0.659249484539032
0.6980628371238708
0.6649527549743652
0.6758907437324524
0.6776939630508423
0.6717455387115479
0.6597322821617126
0.588502824306488
0.6991923451423645
0.6185855865478516
0.6760306358337402
0.7140923738479614
0.736397922039032
0.6994839906692505
0.6912087798118591
0.6913286447525024
0.71732497215271
0.6778861880302429
0.6534286737442017
0.6884863972663879
0.6431204080581665
0.6522981524467468
0.6882485747337341
0.6579841375350952
0.7342376112937927
0.7522789239883423
0.750560462474823
0.6345018148422241
0.6581293940544128
0.6714826226234436
0.6451627016067505
0.6357964277267456
0.7031317353248596
0.7453527450561523
0.6673616766929626
0.7194907069206238
0.6813823580741882
0.7052050828933716
0.6536546349525452
0.7133388519287109
0.6825326085090637
0.6887677907943726
0.6974890828132629
0.7054485082626343
0.7025735974311829
0.6931405067443848
0.7085573673248291
0.6798216700553894
0.6921636462211609
0.6698382496833801
0.6170201897621155
0.4577322006225586
0.6792601346969604
0.6109717488288879
0.600239634513855
0.6609408855438232
0.6956194639205933
0.7722886204719543
0.7101904153823853
0.6929000020027161
0.6444258093833923
0.7312684059143066
0.6454353928565979
0.5674212574958801
0.6794025897979736
0.728583812713623
0.7294296026229858
0.7298359870910645
0.7040152549743652
0.8044120073318481
0.6841074824333191
0.7025191187858582
0.6862543225288391
0.7109190821647644
0.6932597756385803
0.6930621266365051
0.6678298115730286
0.6849056482315063
0.6817984580993652
0.6922262907028198
0.6702157258987427
0.6364065408706665
0.6791388988494873
0.6873102188110352
0.7190459370613098
0.5417056083679199
0.6785724759101868
0.6953023672103882
0.7021345496177673
0.6879286766052246
0.6855473518371582
0.7261002063751221
0.6863324642181396
0.6963493824005127
0.6738764047622681
0.6807634830474854
0.6920450329780579
0.6967782378196716
0.6323884725570679
0.6401991844177246
0.6819012761116028
0.6214731335639954
0.5163609981536865
0.6719397902488708
0.661428689956665
0.7442470788955688
0.7247932553291321
0.7042152881622314
0.6846551299095154
0.6975969672203064
0.7104823589324951
0.653308629989624
0.6108625531196594
0.7012370228767395
0.6932733654975891
0.6387971639633179
0.7084364891052246
0.7060204148292542
0.6873964071273804
0.5098242163658142
0.7191857099533081
0.7243043780326843
0.5713531970977783
0.6320163011550903
0.6244677305221558
0.6297599673271179
0.6388979554176331
0.7199307084083557
0.6177400350570679
0.7222915291786194
0.689283013343811
0.6370008587837219
0.7373272180557251
0.7195677757263184
0.6703413128852844
0.6999659538269043
0.6695650219917297
0.6626095771789551
0.6716300845146179
0.7156960964202881
0.7221490740776062
0.6894380450248718
0.5970216393470764
0.611163854598999
0.5314013361930847
0.6672016978263855
0.6953719258308411
0.6616746783256531
0.6046251654624939
0.6015368103981018
0.6743135452270508
0.7342029809951782
0.699821412563324
0.7127102613449097
0.6218054294586182
0.5745585560798645
0.7286695241928101
0.6432105898857117
0.6440162658691406
0.6691061854362488
0.7114735245704651
0.6662304997444153
0.668488621711731
0.5441731214523315
0.6628396511077881
0.692279577255249
0.6722458004951477
0.7059245109558105
0.5596656203269958
0.5903739333152771
0.5369946956634521
0.7176634073257446
0.7137802243232727
0.6916628479957581
0.6866653561592102
0.5340760350227356
0.6733076572418213
0.686320424079895
0.6903519630432129
0.6679521799087524
0.7142056226730347
0.6636571884155273
0.7028665542602539
0.6906891465187073
0.6418401598930359
0.6991878151893616
0.6991139650344849
0.587434709072113
0.6892220973968506
0.606721818447113
0.5991307497024536
0.6599155068397522
0.6510385274887085
0.7478847503662109
0.4975132644176483
0.6392446160316467
0.7403409481048584
0.5800646543502808
0.7219510078430176
0.6561517119407654
0.7371088266372681
0.536896288394928
0.7253547310829163
0.6891850829124451
0.6727629899978638
0.6614850163459778
0.5968877673149109
0.5766350030899048
0.6297084093093872
0.7232508659362793
0.6830862760543823
0.6705372929573059
0.6514051556587219
0.6860018968582153
0.7162266969680786
0.6727527976036072
0.5659985542297363
0.6564025282859802
0.7074460387229919
0.6505739688873291
0.6514071822166443
0.6855247020721436
0.6490710973739624
0.6781836152076721
0.6462540030479431
0.6826326251029968
0.5161498785018921
0.6723847985267639
0.5904871225357056
0.6768271327018738
0.7132964134216309
0.584721565246582
0.7194627523422241
0.6702526807785034
0.6527649760246277
0.6626944541931152
0.6617035865783691
0.7364475131034851
0.4946506917476654
0.6794844269752502
0.6973419189453125
0.7009761333465576
0.6100218296051025
0.6095857620239258
0.6773090958595276
0.7336832880973816
0.739479124546051
0.6386816501617432
0.650523841381073
0.7165655493736267
0.4942812919616699
0.5752239227294922
0.6893519759178162
0.42249757051467896
0.6083812117576599
0.6877561211585999
0.5483297109603882
0.716482400894165
0.5984541773796082
0.6579353213310242
0.5915089845657349
0.6448449492454529
0.44805169105529785
0.704375684261322
0.6643938422203064
0.5014187693595886
0.6567057967185974
0.648095965385437
0.6798528432846069
0.6731172800064087
0.5646692514419556
0.6682574152946472
0.6782416701316833
0.7181801199913025
0.7314926981925964
0.584290087223053
0.7382253408432007
0.7261005640029907
0.6894677877426147
0.6809862852096558
0.6775785684585571
0.5296844840049744
0.7522732019424438
0.6184878945350647
0.6857370138168335
0.561401903629303
0.587438702583313
0.6497054100036621
0.7661466598510742
0.5295730233192444
0.7224990129470825
0.6962119936943054
0.6556277871131897
0.7342652082443237
0.6439166069030762
0.7307944893836975
0.6758352518081665
0.7184727191925049
0.6994044184684753
0.7306712865829468
0.6249434947967529
0.6139082312583923
0.7119069695472717
0.683853805065155
0.6435450315475464
0.6956942081451416
0.6893302798271179
0.5009726881980896
0.6663917303085327
0.671089768409729
0.6939575672149658
0.6794528961181641
0.6582069396972656
0.7174110412597656
0.7164475321769714
0.7235175371170044
0.6951867938041687
0.7077515721321106
0.5890367031097412
0.6953151822090149
0.709918200969696
0.6963199377059937
0.6870173215866089
0.693087637424469
0.6450951099395752
0.67777019739151
0.5671783685684204
0.6746837496757507
0.7401146292686462
0.6858295798301697
0.6444553136825562
0.6601802706718445
0.5970886945724487
0.7259006500244141
0.6777725219726562
0.7593869566917419
0.6913902759552002
0.627579391002655
0.620779275894165
0.701268196105957
0.7006261944770813
0.6538606286048889
0.7148258090019226
0.6401342749595642
0.5425344705581665
0.7138605117797852
0.7318485975265503
0.6551599502563477
0.7285634279251099
0.7038774490356445
0.5736238956451416
0.6384129524230957
0.6924152374267578
0.6492334008216858
0.6776850819587708
0.6910284757614136
0.7102543711662292
0.6812025308609009
0.7150107026100159
0.6906551718711853
0.6782128214836121
0.6824684143066406
0.6662695407867432
0.5902411341667175
0.5814609527587891
0.7260385751724243
0.6861981749534607
0.6611232161521912
0.6905965805053711
0.7033109068870544
0.7182204723358154
0.7053791880607605
0.6670796871185303
0.5764530897140503
0.5419033169746399
0.6401906609535217
0.6021462678909302
0.6809179186820984
0.6866117715835571
0.6849526166915894
0.6678746342658997
0.6198848485946655
0.6945760250091553
0.7337995767593384
0.7007687091827393
0.6664459109306335
0.5850160121917725
0.6427987217903137
0.7214987277984619
0.5396265983581543
0.7005226016044617
0.5853308439254761
0.7473389506340027
0.7371072769165039
0.7552177309989929
0.7614580988883972
0.6401681900024414
0.5724733471870422
0.6220312714576721
0.6083781123161316
0.6993880867958069
0.6237490773200989
0.7063257098197937
0.5509409308433533
0.6289262175559998
0.6584691405296326
0.675313413143158
0.6541895866394043
0.7052367329597473
0.5604658126831055
0.6708746552467346
0.6772931814193726
0.6765735149383545
0.7101671695709229
0.5610295534133911
0.623340904712677
0.5806506872177124
0.595619797706604
0.6052210927009583
0.7379406094551086
0.6241379976272583
0.7021740674972534
0.6852781176567078
0.665203332901001
0.6738736033439636
0.6951433420181274
0.6234571933746338
0.700616717338562
0.5166399478912354
0.6379640102386475
0.6908758878707886
0.7171871662139893
0.7463432550430298
0.7676495313644409
0.6714876890182495
0.5326891541481018
0.7052573561668396
0.5245394706726074
0.5675631761550903
0.6877903938293457
0.6599176526069641
0.6649777293205261
0.6988247036933899
0.7717332243919373
0.6749383807182312
0.6893024444580078
0.6951611638069153
0.6713405251502991
0.7073643803596497
0.719016432762146
0.6764457821846008
0.6960566639900208
0.6771788001060486
0.6943284869194031
0.7128064036369324
0.7570480704307556
0.7073605060577393
0.6091208457946777
0.712191104888916
0.6554614305496216
0.7030747532844543
0.5282667279243469
0.6832135319709778
0.49416306614875793
0.6560103893280029
0.6753581166267395
0.6128595471382141
0.6653254628181458
0.7061630487442017
0.5664975047111511
0.7140324711799622
0.7320018410682678
0.5776754021644592
0.47362586855888367
0.6954174041748047
0.6750794649124146
0.6244051456451416
0.7041177153587341
0.7061781883239746
0.6989650130271912
0.66928631067276
0.6909069418907166
0.6876242756843567
0.714148223400116
0.6592312455177307
0.6211979985237122
0.6229152679443359
0.68890380859375
0.6245803833007812
0.5134864449501038
0.5928800702095032
0.669108510017395
0.6770156621932983
0.6857686042785645
0.6910161972045898
0.7018917798995972
0.5572373270988464
0.6916765570640564
0.7055694460868835
0.6948298215866089
0.6786472797393799
0.6438843011856079
0.5644093751907349
0.6477945446968079
0.6728343367576599
0.5603938698768616
0.6301257014274597
0.7092456817626953
0.6523853540420532
0.6888253688812256
0.7094868421554565
0.7084048390388489
0.7168803215026855
0.6893138885498047
0.5499742031097412
0.6672166585922241
0.699907660484314
0.7173550128936768
0.6610305905342102
0.5760036706924438
0.6969704627990723
0.7239591479301453
0.6698281764984131
0.698472797870636
0.6845148205757141
0.7328633069992065
0.6621263027191162
0.5104774832725525
0.7371556162834167
0.7164268493652344
0.6140127778053284
0.6645742058753967
0.5644664168357849
0.6630008220672607
0.7094537615776062
0.7001248598098755
0.5396784543991089
0.7233514189720154
0.6882421374320984
0.6007744073867798
0.6750706434249878
0.6589980125427246
0.658551812171936
0.6155463457107544
0.7537171840667725
0.6657528877258301
0.5885888934135437
0.7152475714683533
0.6341960430145264
0.7202757596969604
0.5735315680503845
0.7133517265319824
0.7069806456565857
0.7066539525985718
0.7096163034439087
0.7352726459503174
0.7355063557624817
0.5930348038673401
0.6901560425758362
0.6857951879501343
0.702974796295166
0.6477562785148621
0.6457014679908752
0.6728137135505676
0.6253783106803894
0.6973814368247986
0.6960625648498535
0.6675014495849609
0.6408019661903381
0.727376401424408
0.7111000418663025
0.6056200861930847
0.6751242876052856
0.675740122795105
0.7137179970741272
0.5825102925300598
0.5366184711456299
0.5361095666885376
0.6827079057693481
0.5583310723304749
0.7180284261703491
0.6937520503997803
0.6333904266357422
0.5672809481620789
0.5758194327354431
0.6677502393722534
0.6650602221488953
0.6035196781158447
0.752799391746521
0.7104914784431458
0.6480891704559326
0.6839486360549927
0.672387421131134
0.7148919105529785
0.6536590456962585
0.6954143047332764
0.6458784937858582
0.6768401265144348
0.69265216588974
0.7486153244972229
0.6942136287689209
0.6513590216636658
0.6798126697540283
0.7303028106689453
0.5493293404579163
0.6710112690925598
0.6473530530929565
0.7187403440475464
0.689946711063385
0.6780244708061218
0.6203972101211548
0.6656715273857117
0.6997290253639221
0.5344516634941101
0.6841471195220947
0.5396392345428467
0.7291589975357056
0.7246547937393188
0.6142270565032959
0.7546295523643494
0.6977826356887817
0.7199172377586365
0.7034974098205566
0.7058466076850891
0.5290740132331848
0.6527295112609863
0.6150502562522888
0.6746116280555725
0.7589230537414551
0.7212983965873718
0.6940613389015198
0.6969115138053894
0.6746123433113098
0.6981991529464722
0.6831851601600647
0.6940069794654846
0.6719744801521301
0.6870520114898682
0.720603883266449
0.7501684427261353
0.7089529037475586
0.7033131718635559
0.7649466395378113
0.6481755971908569
0.7099132537841797
0.6424819231033325
0.6870885491371155
0.6329939365386963
0.6857664585113525
0.7209267616271973
0.7121254801750183
0.7229509353637695
0.7224274277687073
0.7062439918518066
0.6830590963363647
0.719633936882019
0.5298323035240173
0.5840032696723938
0.5630713701248169
0.7780918478965759
0.6210530996322632
0.6316401362419128
0.6894763708114624
0.7229321002960205
0.608420729637146
0.697521984577179
0.6944226622581482
0.6823845505714417
0.7033855319023132
0.6810920834541321
0.655985414981842
0.700184166431427
0.69029301404953
0.6951799392700195
0.7387821078300476
0.679621160030365
0.6719201803207397
0.7191015481948853
0.698448896408081
0.6806256771087646
0.547866940498352
0.5550707578659058
0.6557565927505493
0.6100082397460938
0.6805601119995117
0.6725080013275146
0.6717817783355713
0.6509820222854614
0.6599295735359192
0.7118610739707947
0.7263917326927185
0.6861750483512878
0.6865910291671753
0.6637055277824402
0.6512061357498169
0.5818440914154053
0.7271003127098083
0.6614340543746948
0.6569717526435852
0.6224324703216553
0.6023896932601929
0.6553565263748169
0.5984371900558472
0.7187449932098389
0.6919922232627869
0.677436113357544
0.6780558824539185
0.7233695387840271
0.7712625861167908
0.6697068214416504
0.7365920543670654
0.6969259977340698
0.6605859994888306
0.7118776440620422
0.658707320690155
0.6254168748855591
0.6888843774795532
0.6863628029823303
0.704643189907074
0.6808295249938965
0.6972104907035828
0.640895664691925
0.7134352922439575
0.6134381890296936
0.669940173625946
0.6866174340248108
0.6257277131080627
0.6826440691947937
0.6739698052406311
0.7334637641906738
0.6840590238571167
0.49891728162765503
0.5803986191749573
0.6827021241188049
0.6440057754516602
0.6917566657066345
0.666192352771759
0.7604897022247314
0.7050427198410034
0.6285523772239685
0.7152467370033264
0.6923251748085022
0.6139285564422607
0.6919418573379517
0.7112088799476624
0.5669698715209961
0.7064946293830872
0.5457146763801575
0.5840905904769897
0.7243761420249939
0.6870363354682922
0.6942136287689209
0.7162156105041504
0.7075560688972473
0.5746150612831116
0.6331290006637573
0.6961464881896973
0.680485188961029
0.6891380548477173
0.6186692118644714
0.673852264881134
0.7033114433288574
0.6141814589500427
0.5920186042785645
0.5148286819458008
0.7225154042243958
0.6141238212585449
0.6972865462303162
0.5698472261428833
0.6587540507316589
0.6995913982391357
0.6388825178146362
0.6731624007225037
0.5529788136482239
0.6639411449432373
0.7339605689048767
0.6221328377723694
0.5285112261772156
0.7464644908905029
0.7247966527938843
0.689633846282959
0.7025494575500488
0.5256263017654419
0.7145596742630005
0.6641414165496826
0.6967596411705017
0.713642418384552
0.6953245401382446
0.6265603303909302
0.6662999391555786
0.699899435043335
0.6872691512107849
0.6906373500823975
0.7363077402114868
0.6485705971717834
0.571081280708313
0.6955479383468628
0.6577162146568298
0.7271730303764343
0.5129308104515076
0.6561561822891235
0.726943850517273
0.5557202100753784
0.680910050868988
0.6901664137840271
0.519295871257782
0.627591073513031
0.45092904567718506
0.7247939109802246
0.6913340091705322
0.6538360714912415
0.7061582803726196
0.686301052570343
0.7181931734085083
0.5877993702888489
0.7502135634422302
0.6848755478858948
0.6911241412162781
0.6099612712860107
0.7177285552024841
0.6725136041641235
0.7090945839881897
0.6915761232376099
0.6767482161521912
0.6863483190536499
0.7090718746185303
0.6462787389755249
0.5958667993545532
0.6050329804420471
0.6715137362480164
0.6297019124031067
0.6951290965080261
0.7411802411079407
0.695305347442627
0.7055885195732117
0.7361133098602295
0.4935075640678406
0.4996028542518616
0.709729015827179
0.6645714640617371
0.7202011346817017
0.6892951726913452
0.7032920122146606
0.7166964411735535
0.6587679386138916
0.6385281682014465
0.7764502763748169
0.688149094581604
0.7117405533790588
0.7438236474990845
0.6942448019981384
0.7265627384185791
0.6349387764930725
0.6288636922836304
0.6150414347648621
0.7059201002120972
0.687105655670166
0.6724022030830383
0.646720826625824
0.6670025587081909
0.7258474826812744
0.7916548848152161
0.7052914500236511
0.6775444746017456
0.6802462935447693
0.6875935792922974
0.6489481925964355
0.5612645149230957
0.655051589012146
0.776896059513092
0.7006347179412842
0.7184348702430725
0.6871768236160278
0.6675828099250793
0.6827145218849182
0.7059845328330994
0.7934384942054749
0.660184919834137
0.6878775954246521
0.6949157118797302
0.7097516655921936
0.7081824541091919
0.6272008419036865
0.6648460030555725
0.6816836595535278
0.7159497141838074
0.6418677568435669
0.6533187627792358
0.7151904702186584
0.677364706993103
0.7195985317230225
0.6846543550491333
0.5784291625022888
0.6292850375175476
0.56131511926651
0.687923789024353
0.7099513411521912
0.5709551572799683
0.6134187579154968
0.4770510196685791
0.5729870796203613
0.6895996928215027
0.6776628494262695
0.7009927034378052
0.6669926643371582
0.6500915884971619
0.6932996511459351
0.6284258365631104
0.735521137714386
0.6217843294143677
0.692685067653656
0.6980373859405518
0.6902328133583069
0.485175758600235
0.6948606967926025
0.5951729416847229
0.7265528440475464
0.6982996463775635
0.5253733992576599
0.6928426623344421
0.7347418069839478
0.725236177444458
0.6971670389175415
0.676624596118927
0.6910998225212097
0.6966524720191956
0.6704679727554321
0.6557266712188721
0.7045380473136902
0.5184762477874756
0.6357912421226501
0.7157408595085144
0.6710166931152344
0.6866735219955444
0.690554678440094
0.6107103228569031
0.6702619194984436
0.5518296957015991
0.6471104025840759
0.6811307072639465
0.6593676209449768
0.7136526703834534
0.6463055610656738
0.6859782934188843
0.6978532671928406
0.7129397988319397
0.6675098538398743
0.6803765296936035
0.6643986105918884
0.6924067139625549
0.7101162075996399
0.6633397936820984
0.7163119316101074
0.633444607257843
0.6890257596969604
0.6864700317382812
0.6809547543525696
0.7862032651901245
0.6920591592788696
0.6920623183250427
0.7104868292808533
0.71477872133255
0.6828848719596863
0.6729035973548889
0.7211750149726868
0.6962206959724426
0.6804466843605042
0.6828888654708862
0.6859104633331299
0.7492108941078186
0.6364065408706665
0.6630759239196777
0.703112781047821
0.6720877885818481
0.6493186354637146
0.5563454031944275
0.6917043924331665
0.6925782561302185
0.7093166708946228
0.6558321118354797
0.6744061708450317
0.6466636061668396
0.6287565231323242
0.6502989530563354
0.7154616713523865
0.6442739367485046
0.6902576088905334
0.6376248598098755
0.7279457449913025
0.7120487689971924
0.6929094791412354
0.6721394062042236
0.6752240657806396
0.6179461479187012
0.6635316014289856
0.6586072444915771
0.6943739652633667
0.5884393453598022
0.6424640417098999
0.715766429901123
0.6969248056411743
0.6618687510490417
0.6293232440948486
0.68094402551651
0.7106722593307495
0.5469516515731812
0.7379998564720154
0.6675090789794922
0.660840630531311
0.7288366556167603
0.6512489914894104
0.5627667307853699
0.696179211139679
0.6945632100105286
0.677752673625946
0.6485528945922852
0.5599738955497742
0.5247126221656799
0.6746222376823425
0.6276623606681824
0.7040629982948303
0.6772589683532715
0.6784050464630127
0.6795662641525269
0.7414722442626953
0.7336703538894653
0.5948605537414551
0.6647540926933289
0.6475725173950195
0.6699836254119873
0.7290276885032654
0.7078118324279785
0.5329205989837646
0.7048548460006714
0.707085371017456
0.7469537258148193
0.6749117970466614
0.7034916281700134
0.6417408585548401
0.6780331134796143
0.6678732633590698
0.5741484761238098
0.6954028010368347
0.7318835854530334
0.5508471727371216
0.6556674242019653
0.7075217366218567
0.664068877696991
0.7048764228820801
0.5115681886672974
0.7169171571731567
0.5436978340148926
0.7483601570129395
0.7026952505111694
0.6812217235565186
0.7299925088882446
0.6598286628723145
0.6722006797790527
0.6872032284736633
0.6786543726921082
0.6145296692848206
0.5735726952552795
0.6408100128173828
0.677691638469696
0.5795206427574158
0.7006961107254028
0.6295726299285889
0.6798903346061707
0.7142738699913025
0.6148204207420349
0.7417322993278503
0.7140293121337891
0.6625196933746338
0.6349470615386963
0.6995906233787537
0.7028697729110718
0.6380621194839478
0.6613592505455017
0.6809208393096924
0.6847786903381348
0.5380982160568237
0.6256487369537354
0.6011921763420105
0.6872351765632629
0.6720914840698242
0.7310842871665955
0.735640287399292
0.6123380064964294
0.5520541071891785
0.6481612324714661
0.6041507720947266
0.6846901774406433
0.7106049060821533
0.6709104776382446
