0.6773268580436707
0.6502689719200134
0.6821810007095337
0.7148000597953796
0.6992908716201782
0.671410858631134
0.718323826789856
0.6303775310516357
0.6197156310081482
0.7476128935813904
0.6334080696105957
0.6622786521911621
0.7281246185302734
0.6860527396202087
0.6610325574874878
0.6614809036254883
0.7103720307350159
0.6589605212211609
0.6963818669319153
0.6652213335037231
0.7510136365890503
0.7626318335533142
0.6690334677696228
0.6088150143623352
0.6753420233726501
0.6497005820274353
0.73033607006073
0.667283296585083
0.6775190830230713
0.6530715227127075
0.7146320939064026
0.707267701625824
0.718721866607666
0.6369604468345642
0.6869957447052002
0.7116905450820923
0.7229228019714355
0.7080909609794617
0.5976519584655762
0.6849702596664429
0.7260441184043884
0.690092146396637
0.7345291972160339
0.7277917861938477
0.7218719124794006
0.6383625864982605
0.7131689786911011
0.696898341178894
0.7816072106361389
0.63579261302948
0.6635441184043884
0.5002016425132751
0.6710116863250732
0.5583938360214233
0.6500612497329712
0.692363440990448
0.6776920557022095
0.5814229846000671
0.6500993967056274
0.5374272465705872
0.720872163772583
0.6660083532333374
0.6748064160346985
0.6570325493812561
0.7167110443115234
0.6678742170333862
0.5486667156219482
0.5567789077758789
0.6764798164367676
0.7197542190551758
0.6254318952560425
0.6625539064407349
0.7110478281974792
0.7063722014427185
0.7066961526870728
0.6843565106391907
0.6812838315963745
0.6863433718681335
0.685935378074646
0.6823849081993103
0.6488609313964844
0.6721705794334412
0.6518770456314087
0.6865140795707703
0.6394537091255188
0.7002351880073547
0.7342776656150818
0.6865163445472717
0.7202118039131165
0.6951167583465576
0.7050955295562744
0.6819591522216797
0.6855464577674866
0.7024403214454651
0.7099546194076538
0.6636607646942139
0.7068604826927185
0.6818984150886536
0.7418063282966614
0.6761558055877686
0.72037273645401
0.6948957443237305
0.6680763363838196
0.6634485721588135
0.6977357864379883
0.7392157912254333
0.7064609527587891
0.7055716514587402
0.6641165018081665
0.6584895253181458
0.7070688009262085
0.7200006246566772
0.680509626865387
0.7003710865974426
0.7373983263969421
0.6651302576065063
0.6979958415031433
0.7711901664733887
0.6691317558288574
0.689629077911377
0.7392377853393555
0.6438547968864441
0.7227427959442139
0.7287842035293579
0.7050872445106506
0.7229794859886169
0.6921287775039673
0.7219560742378235
0.7156295776367188
0.7311074137687683
0.7022479772567749
0.7203949689865112
0.6694246530532837
0.7366253137588501
0.6530031561851501
0.6951077580451965
0.7078404426574707
0.6993567943572998
0.6841687560081482
0.7145037055015564
0.631473183631897
0.6923777461051941
0.676042377948761
0.6907708644866943
0.7087986469268799
0.7103320360183716
0.6867182850837708
0.7044841647148132
0.6814978122711182
0.6921324729919434
0.7061691880226135
0.6856099963188171
0.7063723802566528
0.7032755017280579
0.7078791260719299
0.7339600920677185
0.7008127570152283
0.6815568208694458
0.6931214332580566
0.7165384888648987
0.6587470173835754
0.7123287916183472
0.6692145466804504
0.7348988056182861
0.677577018737793
0.7130531072616577
0.6907961368560791
0.6966795921325684
0.7189016938209534
0.6906916499137878
0.6709985733032227
0.6773313879966736
0.6329712271690369
0.7217990756034851
0.7008089423179626
0.6231985688209534
0.7004728317260742
0.7096778154373169
0.6801033020019531
0.6800830364227295
0.6872832775115967
0.7789978384971619
0.7214183211326599
0.6732490658760071
0.6735753417015076
0.7169573903083801
0.6982069611549377
0.7248262763023376
0.6694867610931396
0.6748130321502686
0.6878986954689026
0.7140415906906128
0.6657003164291382
0.7180367112159729
0.6695749759674072
0.6800208687782288
0.6823304891586304
0.6329740881919861
0.7217910885810852
0.7411612272262573
0.7134416103363037
0.7113370895385742
0.7021582722663879
0.6709880232810974
0.6876795291900635
0.6919987797737122
0.720447838306427
0.7383769750595093
0.7033072710037231
0.7097046375274658
0.7180081605911255
0.6733118891716003
0.6876413822174072
0.705946683883667
0.701741635799408
0.6945715546607971
0.7327752709388733
0.6929395794868469
0.702919065952301
0.7099000811576843
0.7122379541397095
0.6623619198799133
0.6706668138504028
0.71258944272995
0.7155013084411621
0.675229549407959
0.706856369972229
0.622342586517334
0.7124010920524597
0.7088406085968018
0.6825565099716187
0.7063876986503601
0.6851882338523865
0.6567904949188232
0.6740367412567139
0.6881803870201111
0.6939970850944519
0.7355381846427917
0.7029656171798706
0.7078200578689575
0.5519586801528931
0.7247571349143982
0.7241811752319336
0.6675691604614258
0.6971679925918579
0.6952762603759766
0.6922673583030701
0.7741134762763977
0.7298840284347534
0.7093170285224915
0.6903365254402161
0.7194104790687561
0.6843295693397522
0.7399461269378662
0.6852236390113831
0.6672130227088928
0.6677433252334595
0.6176540851593018
0.5804740190505981
0.742156982421875
0.6244415640830994
0.6588858366012573
0.6906002759933472
0.5846922993659973
0.6871950030326843
0.693637490272522
0.6925119757652283
0.7140008807182312
0.6315882802009583
0.6097856163978577
0.591353714466095
0.7145112752914429
0.7021426558494568
0.6851324439048767
0.6957148313522339
0.6978334188461304
0.7729189991950989
0.709735095500946
0.7275443077087402
0.6943575739860535
0.6994479298591614
0.653852641582489
0.7138909697532654
0.6806742548942566
0.6962223052978516
0.6551023721694946
0.6959912776947021
0.7006535530090332
0.7416610717773438
0.6987612843513489
0.7032390236854553
0.5471092462539673
0.7028988003730774
0.6412725448608398
0.6626046895980835
0.6750445365905762
0.7325055003166199
0.7085514068603516
0.6788259744644165
0.6681705713272095
0.7380120158195496
0.582339882850647
0.7076064944267273
0.6534243226051331
0.6407184600830078
0.7012566924095154
0.7055178880691528
0.6526488661766052
0.7115118503570557
0.6650201678276062
0.7340212464332581
0.7016580104827881
0.6757763028144836
0.7186842560768127
0.6579861640930176
0.7341949343681335
0.6683511734008789
0.698387622833252
0.7112202644348145
0.6471967697143555
0.736667811870575
0.6374114155769348
0.7018706798553467
0.7258000373840332
0.691791832447052
0.705516517162323
0.6908591389656067
0.7046067714691162
0.6842337846755981
0.6439539790153503
0.6647992730140686
0.666295051574707
0.5427941083908081
0.6841269135475159
0.6720713973045349
0.5080574154853821
0.7111284136772156
0.7094097137451172
0.6415078639984131
0.6868876218795776
0.6855735182762146
0.6823248863220215
0.5636311173439026
0.6284326314926147
0.6339225172996521
0.6801589727401733
0.7049813270568848
0.6104286313056946
0.6808080673217773
0.722842812538147
0.6940791606903076
0.6742324829101562
0.6778708696365356
0.7262627482414246
0.6842703819274902
0.7072899341583252
0.6570038199424744
0.7250061631202698
0.679051399230957
0.7029058337211609
0.7726393342018127
0.7360774278640747
0.6992254853248596
0.6902573108673096
0.7331110239028931
0.721348762512207
0.7253067493438721
0.757239043712616
0.6396775245666504
0.7288765907287598
0.7121467590332031
0.6878208518028259
0.6659623384475708
0.7451361417770386
0.689267635345459
0.7090715765953064
0.6745707392692566
0.7079955339431763
0.6962655782699585
0.7423239350318909
0.5779326558113098
0.6877468824386597
0.6867303848266602
0.652289092540741
0.7028727531433105
0.6701733469963074
0.6996728181838989
0.7218367457389832
0.7088530659675598
0.6699545383453369
0.6912062764167786
0.6627716422080994
0.6906523108482361
0.6727874875068665
0.7112632989883423
0.749750554561615
0.686752438545227
0.6934720277786255
0.6727842688560486
0.7133054733276367
0.7149360775947571
0.5256853103637695
0.6910592913627625
0.6602280139923096
0.7181040048599243
0.6544573307037354
0.7453832626342773
0.6955453753471375
0.6922987699508667
0.6899945735931396
0.7248631715774536
0.6925361156463623
0.6816876530647278
0.6852176785469055
0.6893224120140076
0.6798465847969055
0.6192448735237122
0.5015961527824402
0.6808949708938599
0.6265110373497009
0.7139864563941956
0.6506421566009521
0.667813777923584
0.6977120041847229
0.7216910719871521
0.6535352468490601
0.745450496673584
0.7038571834564209
0.7007121443748474
0.7126113176345825
0.6739095449447632
0.6834201812744141
0.7355621457099915
0.6290160417556763
0.6647254824638367
0.6395602822303772
0.727446973323822
0.691393256187439
0.7247867584228516
0.701569139957428
0.6825494170188904
0.6963282823562622
0.7415280938148499
0.6964153051376343
0.6771997213363647
0.7132807374000549
0.7303625345230103
0.6563695073127747
0.7026329636573792
0.6947143077850342
0.622753381729126
0.6775762438774109
0.6666812896728516
0.7028992176055908
0.6505100131034851
0.718378484249115
0.7581555247306824
0.7422453165054321
0.7325460910797119
0.684632420539856
0.6737648248672485
0.7076444625854492
0.6016961336135864
0.6935322880744934
0.6507440209388733
0.6758754253387451
0.7316927909851074
0.6938599348068237
0.7141488790512085
0.7254689931869507
0.6513591408729553
0.6467337608337402
0.6979836821556091
0.6426615715026855
0.6972835659980774
0.5625560283660889
0.6634446382522583
0.7583560943603516
0.6724194288253784
0.5427941083908081
0.5572826862335205
0.6948581337928772
0.7070885896682739
0.7260003089904785
0.6917045712471008
0.7166497707366943
0.7403923869132996
0.747146725654602
0.5943179726600647
0.715146541595459
0.6862738728523254
0.662951648235321
0.6809442639350891
0.6849644780158997
0.6655582189559937
0.6838228702545166
0.6841127872467041
0.6343174576759338
0.7179229855537415
0.6691274642944336
0.6793092489242554
0.6712250113487244
0.684371292591095
0.7063537836074829
0.6767672300338745
0.7133591771125793
0.6520950198173523
0.6785874962806702
0.7128304839134216
0.6590297818183899
0.7250322103500366
0.7235179543495178
0.7376198768615723
0.6972072124481201
0.7199375629425049
0.6933252215385437
0.6606501340866089
0.7000808715820312
0.6990840435028076
0.5605999231338501
0.6509460210800171
0.7157992720603943
0.6917627453804016
0.7161946892738342
0.7456024885177612
0.7170458436012268
0.6786615252494812
0.6415078639984131
0.6300740242004395
0.7313870191574097
0.6687609553337097
0.7305306196212769
0.6805676221847534
0.7132899761199951
0.6305629014968872
0.6614241003990173
0.7443495392799377
0.7446632981300354
0.602030336856842
0.6112702488899231
0.7049845457077026
0.7474961876869202
0.7020570039749146
0.6820572018623352
0.6747938990592957
0.6729112863540649
0.6886385679244995
0.6140456795692444
0.7002651691436768
0.6966716051101685
0.716766893863678
0.6991040706634521
0.7233218550682068
0.7294013500213623
0.6392205953598022
0.6819223761558533
0.7142785787582397
0.6778231859207153
0.5870939493179321
0.523865282535553
0.690180242061615
0.6882994174957275
0.7276783585548401
0.6407403349876404
0.6835549473762512
0.6457447409629822
0.7102220058441162
0.6899206042289734
0.6899684071540833
0.7222493290901184
0.7102717161178589
0.7147940397262573
0.6492156982421875
0.723609447479248
0.6228211522102356
0.6921255588531494
0.6675724983215332
0.6670731902122498
0.6758299469947815
0.6864739060401917
0.6470454931259155
0.7127806544303894
0.5873230695724487
0.6303836107254028
0.6936749815940857
0.6494167447090149
0.6903472542762756
0.7000885009765625
0.6625324487686157
0.6810332536697388
0.6172771453857422
0.688755452632904
0.6563693284988403
0.6848965287208557
0.533262312412262
0.7156773805618286
0.7072239518165588
0.6733368039131165
0.6618955731391907
0.6864705681800842
0.6757218241691589
0.6995346546173096
0.6695758104324341
0.6659554839134216
0.6027922630310059
0.5947992205619812
0.5040233135223389
0.6170344352722168
0.7066293954849243
0.6895771622657776
0.6056922078132629
0.6588234305381775
0.7058905363082886
0.6996459364891052
0.68879234790802
0.6732757687568665
0.7117269039154053
0.7483305335044861
0.7079439759254456
0.6838754415512085
0.724804162979126
0.5578415393829346
0.6428523659706116
0.6663346886634827
0.671860933303833
0.7250050902366638
0.4873965382575989
0.7265666127204895
0.688824474811554
0.5130241513252258
0.5202713012695312
0.752282977104187
0.7335670590400696
0.7022963166236877
0.6616887450218201
0.5747690796852112
0.6596519351005554
0.7052205801010132
0.6918612122535706
0.6965991258621216
0.7403867840766907
0.7057967782020569
0.7259361147880554
0.688224732875824
0.692902684211731
0.5735825300216675
0.6833698749542236
0.685554563999176
0.7006452083587646
0.698256254196167
0.699093759059906
0.7251732349395752
0.5746833086013794
0.6827172636985779
0.6835994124412537
0.7177959680557251
0.5956208109855652
0.6705637574195862
0.6905333399772644
0.7043976187705994
0.732504665851593
0.668644368648529
0.7026219367980957
0.6841056942939758
0.7077681422233582
0.6145296096801758
0.7771096229553223
0.6953724026679993
0.7071118354797363
0.6957101821899414
0.7004832029342651
0.6672012209892273
0.6127802133560181
0.6122652292251587
0.6415078639984131
0.6988913416862488
0.6781505346298218
0.685036301612854
0.6588728427886963
0.6630367040634155
0.6849658489227295
0.5684834122657776
0.6721860766410828
0.5637078881263733
0.7089714407920837
0.7316718101501465
0.6473772525787354
0.6920523047447205
0.7230654358863831
0.6278576850891113
0.6916565299034119
0.5996372103691101
0.6688237190246582
0.744701087474823
0.5474190711975098
0.6568197011947632
0.702937662601471
0.7139373421669006
0.7291995286941528
0.7479162216186523
0.6047824025154114
0.7139312028884888
0.6929252743721008
0.6995106339454651
0.6832956075668335
0.632632315158844
0.7475871443748474
0.6948305368423462
0.6919960975646973
0.6924368143081665
0.7102757096290588
0.7200612425804138
0.7354358434677124
0.6488476991653442
0.6904963254928589
0.7153741121292114
0.6844092607498169
0.6515753269195557
0.6715354323387146
0.6778445839881897
0.7150373458862305
0.7017741203308105
0.7088592648506165
0.67292720079422
0.6961672306060791
0.7077560424804688
0.6871457099914551
0.6243268847465515
0.687192440032959
0.70563805103302
0.7099674344062805
0.7078211903572083
0.7256515622138977
0.6903810501098633
0.6791658401489258
0.7088205814361572
0.695052444934845
0.6694784164428711
0.721528947353363
0.6317287087440491
0.6970013976097107
0.6863415241241455
0.704387903213501
0.5938706994056702
0.6906963586807251
0.6771071553230286
0.702465295791626
0.6893571615219116
0.690416157245636
0.7020021677017212
0.6626218557357788
0.7132475972175598
0.6850535273551941
0.704778790473938
0.6424025893211365
0.7316297292709351
0.7242135405540466
0.6868680715560913
0.6035934686660767
0.6233933568000793
0.7129363417625427
0.7114747762680054
0.6699582934379578
0.7171732187271118
0.7103769183158875
0.7269518375396729
0.6826301217079163
0.6807398200035095
0.7318627834320068
0.6876199841499329
0.6922924518585205
0.7188739776611328
0.6190164089202881
0.7194536924362183
0.6262553334236145
0.7095939517021179
0.6902266144752502
0.7568173408508301
0.6393157839775085
0.5904451012611389
0.6630057096481323
0.6727558970451355
0.6626676321029663
0.6907913088798523
0.5239124894142151
0.6879411935806274
0.7159860730171204
0.641914427280426
0.6949225068092346
0.7065391540527344
0.6773492693901062
0.6023809909820557
0.6813411116600037
0.7477980256080627
0.6765077114105225
0.729865312576294
0.690684974193573
0.6781035661697388
0.7236313819885254
0.7036212086677551
0.7153289318084717
0.6921643018722534
0.7020633220672607
0.7086237072944641
0.6904994249343872
0.6343235373497009
0.6961930990219116
0.6040769219398499
0.6890619397163391
0.7254579067230225
0.651676595211029
0.7049040198326111
0.7035956382751465
0.5762925744056702
0.7141303420066833
0.6777241826057434
0.6008381247520447
0.6745057106018066
0.6382957696914673
0.678051769733429
0.7148787975311279
0.6862484812736511
0.6970888376235962
0.7154608964920044
0.7257000803947449
0.6896925568580627
0.6691410541534424
0.5590608716011047
0.5555382966995239
0.708685040473938
0.6774696111679077
0.7057228088378906
0.5802633762359619
0.6872059106826782
0.7061652541160583
0.6729744076728821
0.694847047328949
0.6557841897010803
0.713868260383606
0.7317355871200562
0.6797424554824829
0.6879069209098816
0.5872787237167358
0.7254313230514526
0.7040532827377319
0.6861657500267029
0.6865909695625305
0.643243134021759
0.6851681470870972
0.7177979946136475
0.6914281845092773
0.5090714693069458
0.7165849208831787
0.6971051096916199
0.7237379550933838
0.692710280418396
0.7134940028190613
0.6649522185325623
0.6696076989173889
0.6125453114509583
0.7357515692710876
0.5506688952445984
0.6692878603935242
0.7065826058387756
0.725276529788971
0.660528838634491
0.6964797377586365
0.6475197672843933
0.7395164966583252
0.6868313550949097
0.6791883707046509
0.7333219051361084
0.7004318833351135
0.6911587715148926
0.6500993967056274
0.6710787415504456
0.7167201638221741
0.7057769298553467
0.6935566067695618
0.7066389918327332
0.6515426635742188
0.7024692296981812
0.7082920670509338
0.677365779876709
0.7227096557617188
0.7635116577148438
0.7093790173530579
0.7185121774673462
0.6689676642417908
0.7000153064727783
0.5667641162872314
0.6899273991584778
0.6707645058631897
0.6764973998069763
0.6971687078475952
0.6294611096382141
0.6976359486579895
0.7056549191474915
0.715772807598114
0.6911354660987854
0.6981797814369202
0.7000131607055664
0.718625545501709
0.6390817761421204
0.6700135469436646
0.6998116970062256
0.7350958585739136
0.6709750294685364
0.7148981690406799
0.6936669945716858
0.6704868674278259
0.6639887690544128
0.6286240220069885
0.6711463928222656
0.6600903272628784
0.6578925251960754
0.6665676832199097
0.7247908711433411
0.7136417627334595
0.6882318258285522
0.721459686756134
0.6782281398773193
0.701240062713623
0.7107458114624023
0.602832555770874
0.6527279615402222
0.7111173868179321
0.7077065110206604
0.6223217248916626
0.7059402465820312
0.6962090134620667
0.7408370971679688
0.6792984008789062
0.5594674348831177
0.6498541235923767
0.6913460493087769
0.6987080574035645
0.6629968881607056
0.7238805890083313
0.6760696768760681
0.7016720175743103
0.6272000670433044
0.675507664680481
0.6520400643348694
0.706207275390625
0.6818239092826843
0.5887042284011841
0.7012633085250854
0.6777787804603577
0.7248666882514954
0.7097889184951782
0.7313257455825806
0.6844127774238586
0.6611728668212891
0.6777134537696838
0.6992239356040955
0.6820939183235168
0.7089244723320007
0.6697829365730286
0.706173837184906
0.6666638255119324
0.7001323103904724
0.6824187636375427
0.673196017742157
0.7441704869270325
0.6822558641433716
0.5594674348831177
0.6321771740913391
0.7122014760971069
0.6854075193405151
0.6702082753181458
0.6975221633911133
0.5594674348831177
0.6874619126319885
0.6346028447151184
0.5560373663902283
0.6964542269706726
0.6963321566581726
0.7136574983596802
0.7028861045837402
0.682252824306488
0.7060968279838562
0.5785911083221436
0.7316380739212036
0.7171176075935364
0.5921773314476013
0.7061958909034729
0.7202803492546082
0.6558530926704407
0.7286434173583984
0.671371340751648
0.6981298923492432
0.6903505921363831
0.6239352822303772
0.7140344381332397
0.6947807669639587
0.6907186508178711
0.6479800343513489
0.7379580736160278
0.68373042345047
0.6491722464561462
0.6357347965240479
0.6595444083213806
0.6607354879379272
0.7219047546386719
0.6485337018966675
0.7308917045593262
0.7023827433586121
0.6875226497650146
0.6817384958267212
0.7303543090820312
0.6140456795692444
0.6803162097930908
0.7016715407371521
0.633799135684967
0.6895026564598083
0.5593019723892212
0.5502896904945374
0.6408169865608215
0.7165703773498535
0.7006809711456299
0.6792498826980591
0.6873984336853027
0.6239796876907349
0.6843026876449585
0.6755070090293884
0.7174859642982483
0.7264557480812073
0.5058885812759399
0.7234753370285034
0.6882286667823792
0.6953409314155579
0.6618407368659973
0.4867006838321686
0.7116502523422241
0.5597832202911377
0.6841413974761963
0.682354748249054
0.6681628227233887
0.722174346446991
0.6960263252258301
0.5475208759307861
0.6976861953735352
0.6872983574867249
0.7177424430847168
0.7354189157485962
0.7152136564254761
0.7247514128684998
0.6839874386787415
0.7301473021507263
0.631199061870575
0.6812713146209717
0.7087750434875488
0.5893563628196716
0.7429975867271423
0.6633918881416321
0.6920676231384277
0.5863898992538452
0.7227894067764282
0.6452820301055908
0.6883152723312378
0.6669265627861023
0.7117637991905212
0.710939884185791
0.6671907901763916
0.6795490980148315
0.6976625919342041
0.7188748717308044
0.6581875681877136
0.7139798998832703
0.7002708911895752
0.6009512543678284
0.7044409513473511
0.6882562041282654
0.7140533328056335
0.6842548251152039
0.6824682950973511
0.6816858649253845
0.590785562992096
0.6973631381988525
0.6780654191970825
0.6584718227386475
0.7103066444396973
0.736046552658081
0.7367103695869446
0.7289012670516968
0.6557787656784058
0.6821566224098206
0.6759912371635437
0.7051944136619568
0.7225922346115112
0.66839599609375
0.6665478944778442
0.7147814631462097
0.7417877316474915
0.7060051560401917
0.668914794921875
0.6357065439224243
0.5594674348831177
0.6030957102775574
0.6849964261054993
0.6676387190818787
0.7315393686294556
0.6825923323631287
0.6430482268333435
0.7078964710235596
0.6869842410087585
0.6625508666038513
0.7185908555984497
0.746726393699646
0.7009947299957275
0.6583327054977417
0.7033858895301819
0.7290090322494507
0.6994503736495972
0.6748629212379456
0.6986428499221802
0.5323152542114258
0.6797640323638916
0.7324696183204651
0.7216196060180664
0.7145546674728394
0.6916747689247131
0.6065530180931091
0.7079968452453613
0.6920729875564575
0.7040109038352966
0.7114353179931641
0.7094331979751587
0.6706117987632751
0.7064661979675293
0.6563408374786377
0.7102051973342896
0.6962382793426514
0.5421258211135864
0.7350576519966125
0.4966815114021301
0.6829619407653809
0.6259859204292297
0.5179703235626221
0.716383695602417
0.6863099932670593
0.7465912103652954
0.673700749874115
0.7077599167823792
0.6891778111457825
0.6865620017051697
0.6971493363380432
0.641616940498352
0.6579235196113586
0.7047356367111206
0.5704893469810486
0.5743447542190552
0.6986724138259888
0.6319089531898499
0.6562239527702332
0.5442912578582764
0.6433948874473572
0.49653396010398865
0.6959609389305115
0.6718277335166931
0.6676449775695801
0.7291427254676819
0.7060839533805847
0.7698891758918762
0.7021583318710327
0.6956571340560913
0.6954765319824219
0.6975837349891663
0.6989808678627014
0.6841813921928406
0.5237394571304321
0.7428682446479797
0.7309699058532715
0.7251552939414978
0.6803395748138428
0.6872274279594421
0.7217820882797241
0.6641727685928345
0.6937671899795532
0.6704846620559692
0.6992892026901245
0.7291113138198853
0.6986124515533447
0.6787866950035095
0.6738635301589966
0.6635878682136536
0.6943600177764893
0.6663370132446289
0.5989643335342407
0.6858269572257996
0.6688629388809204
0.7840895056724548
0.6858527660369873
0.7134321928024292
0.6843804121017456
0.680210530757904
0.687285840511322
0.6990125775337219
0.6330989599227905
0.678248941898346
0.717461109161377
0.6854010224342346
0.6740210652351379
0.6565839052200317
0.4935709536075592
0.6878049373626709
0.717030942440033
0.6459044218063354
0.750857412815094
0.6761191487312317
0.6743530631065369
0.6740328669548035
0.6878074407577515
0.7095105648040771
0.6540728807449341
0.7047158479690552
0.6876378059387207
0.5656903982162476
0.7019221186637878
0.6772301197052002
0.6983330845832825
0.6722791194915771
0.6856141686439514
0.685512363910675
0.7722946405410767
0.7029144763946533
0.7091905474662781
0.6832132935523987
0.7068517208099365
0.6882211565971375
0.6806326508522034
0.7111200094223022
0.6462733149528503
0.6590396165847778
0.7186453938484192
0.7087793946266174
0.7013816237449646
0.565069854259491
0.6956753134727478
0.6924381256103516
0.7830673456192017
0.6700238585472107
0.7178307175636292
0.7005746364593506
0.6143112182617188
0.5780364871025085
0.6632278561592102
0.7086341977119446
0.6824654936790466
0.5277783274650574
0.6842137575149536
0.7159570455551147
0.7023069262504578
0.5618401765823364
0.7270393967628479
0.6588289141654968
0.6954720616340637
0.7268333435058594
0.6885373592376709
0.6713663339614868
0.6939101219177246
0.7136692404747009
0.6794111728668213
0.6725941300392151
0.6860300898551941
0.7255029678344727
0.6857872009277344
0.7212601900100708
0.693000078201294
0.6807907819747925
0.7107265591621399
0.7359974384307861
0.7280595302581787
0.748024046421051
0.6757327318191528
0.6558749675750732
0.6658957600593567
0.6799043416976929
0.690041720867157
0.5594674348831177
0.671981692314148
0.7215980887413025
0.6662836670875549
0.7102003693580627
0.6929762959480286
0.7176100611686707
0.7085034847259521
0.540158212184906
0.6944241523742676
0.6644179821014404
0.7480406761169434
0.715538501739502
0.7060027718544006
0.6627485156059265
0.7267444729804993
0.7463834881782532
0.6798128485679626
0.7013025283813477
0.6864316463470459
0.7445103526115417
0.7383596301078796
0.6407050490379333
0.6369444727897644
0.6770244836807251
0.6633147597312927
0.6714903712272644
0.7141449451446533
0.6952168941497803
0.6285245418548584
0.6144466996192932
0.7012274861335754
0.69149249792099
0.6690568327903748
0.7297577857971191
0.7290078401565552
0.7023598551750183
0.6540822982788086
0.688752293586731
0.6564955115318298
0.6218789219856262
0.7234364151954651
0.7042076587677002
0.7142341136932373
0.6257661581039429
0.6256545782089233
0.5907381176948547
0.6432627439498901
0.6493205428123474
0.6838095784187317
0.6854000091552734
0.6700814366340637
0.7019569873809814
0.7201293110847473
0.7380675673484802
0.7009860277175903
0.6402152180671692
0.693606972694397
0.7208454012870789
0.6816033124923706
0.7029275298118591
0.7003889679908752
0.7546795010566711
0.6843684911727905
0.6947197318077087
0.7049197554588318
0.7114936709403992
0.6853166222572327
0.6948980689048767
0.6502463221549988
0.6818166971206665
0.6661035418510437
0.6950889229774475
0.6490951180458069
0.6894293427467346
0.6691997051239014
0.5822475552558899
0.7124501466751099
0.6135137677192688
0.6706767082214355
0.6199937462806702
0.7194617390632629
0.6843898892402649
0.6805739998817444
0.6907632946968079
0.6754252314567566
0.6934097409248352
0.5788321495056152
0.4943900406360626
0.6803755164146423
0.5123552083969116
0.6754670143127441
0.7233101725578308
0.7219696044921875
0.6499872803688049
0.623650848865509
0.6828899383544922
0.693775475025177
0.7405878901481628
0.7345613241195679
0.6821445226669312
0.7152723073959351
0.6923907995223999
0.7119797468185425
0.6878893375396729
0.6789752244949341
0.7145676612854004
0.6804533004760742
0.7209799289703369
0.706937849521637
0.6721388697624207
0.6902911067008972
0.7032943367958069
0.7134734392166138
0.6825374960899353
0.6872143149375916
0.6748003363609314
0.4693891108036041
0.6784420013427734
0.7155053615570068
0.7174661159515381
0.6870929002761841
0.7035443186759949
0.6964911222457886
0.6746530532836914
0.7073191404342651
0.6738372445106506
0.663989782333374
0.7655993103981018
0.6564852595329285
0.699813961982727
0.6572465300559998
0.7290126085281372
0.7388879060745239
0.7250255346298218
0.6706957817077637
0.6778585910797119
0.6729530096054077
0.7096478343009949
0.6821887493133545
0.636961042881012
0.5533787608146667
0.6881759762763977
0.6905863285064697
0.6482899188995361
0.6876807808876038
0.6929978132247925
0.6990011930465698
0.640344500541687
0.736003577709198
0.6694418787956238
0.6298056244850159
0.6778724789619446
0.6150296926498413
0.6874229907989502
0.7077640891075134
0.6913331747055054
0.7190924882888794
0.7095547318458557
0.6968106031417847
0.6490874886512756
0.7018579840660095
0.6824837327003479
0.6743531823158264
0.6944041848182678
0.6975594758987427
0.6715866923332214
0.6485694050788879
0.5661500692367554
0.6785737872123718
0.7117291688919067
0.6841691732406616
0.6524286866188049
0.7079887986183167
0.6781792640686035
0.6967613101005554
0.6631453037261963
0.6617019772529602
0.5849206447601318
0.6140456795692444
0.6768290400505066
0.66721510887146
0.6910668611526489
0.6823512315750122
0.6684278845787048
0.7092458605766296
0.7063473463058472
0.6629162430763245
0.6875490546226501
0.6726248860359192
0.6759328246116638
0.7382909655570984
0.6833140850067139
0.7310252785682678
0.6825452446937561
0.6899874806404114
0.7007688283920288
0.6867178082466125
0.7473450303077698
0.6970998048782349
0.7213582992553711
0.6805731654167175
0.7181192636489868
0.6688593626022339
0.6705577969551086
0.7142341136932373
0.696966290473938
0.7147209048271179
0.7014853954315186
0.707004189491272
0.6733524203300476
0.6531331539154053
0.6911364793777466
0.7004178762435913
0.7255298495292664
0.6587275266647339
0.6998576521873474
0.747870147228241
0.6909703016281128
0.6743809580802917
0.6504309773445129
0.7034127712249756
0.6336772441864014
0.6358653903007507
0.6977971196174622
0.7431990504264832
0.7204489707946777
0.6705097556114197
0.6724004149436951
0.6799983978271484
0.709479570388794
0.7187067866325378
0.7006828188896179
0.696761429309845
0.7268147468566895
0.5047212839126587
0.7156144380569458
0.6023799180984497
0.6954410672187805
0.6827549934387207
0.6498672366142273
0.654100239276886
0.5015961527824402
0.6596591472625732
0.6614336967468262
0.5413959622383118
0.5848807692527771
0.6130926012992859
0.6736305952072144
0.6957205533981323
0.674461305141449
0.6628974676132202
0.6405015587806702
0.7026593685150146
0.5341640710830688
0.709659993648529
0.678479790687561
0.5334064364433289
0.5695498585700989
0.6519752144813538
0.6719157099723816
0.6756494045257568
0.5714268684387207
0.6191773414611816
0.7014527916908264
0.7181395292282104
0.6704394221305847
0.668192982673645
0.7281680703163147
0.6699172258377075
0.481155663728714
0.6474286317825317
0.7579426765441895
0.6820956468582153
0.6279056668281555
0.5051426887512207
0.6164512634277344
0.6631627678871155
0.6782785058021545
0.6645700335502625
0.6920689344406128
0.6762871742248535
0.6310267448425293
0.6602871417999268
0.6463863253593445
0.7027380466461182
0.7032356858253479
0.5558512210845947
0.6798209547996521
0.656623899936676
0.6690980792045593
0.7249771356582642
0.6679972410202026
0.7243276834487915
0.6967352032661438
0.6763843894004822
0.7032790780067444
0.700160562992096
0.6477184891700745
0.7183945775032043
0.590092122554779
0.7062546014785767
0.7192644476890564
0.6310743093490601
0.7141349911689758
0.6818788647651672
0.6969875693321228
0.7316412329673767
0.6093218326568604
0.6978602409362793
0.4356757402420044
0.6836113929748535
0.7300300002098083
0.6936699748039246
0.6697842478752136
0.745976448059082
0.7210069298744202
0.6880954504013062
0.7062615752220154
0.5871145725250244
0.6761505007743835
0.7153182625770569
0.6995921730995178
0.6455793976783752
0.6703252196311951
0.7188008427619934
0.7167474031448364
0.6687649488449097
0.6784349679946899
0.5396131277084351
0.7361147403717041
0.7325703501701355
0.6018997430801392
0.6717174649238586
0.7084648609161377
0.7196020483970642
0.6308420300483704
0.68975430727005
0.6023467779159546
0.6445216536521912
0.6722097992897034
0.43180811405181885
0.6201654076576233
0.6141762137413025
0.7831915616989136
0.7501209378242493
0.730981707572937
0.6823338866233826
0.7094956040382385
0.5291274189949036
0.5436638593673706
0.7040879726409912
0.6937969923019409
0.7144018411636353
0.6065637469291687
0.6531347632408142
0.7047140002250671
0.7206505537033081
0.6565893888473511
0.681525468826294
0.6685748100280762
0.7035819888114929
0.6962841749191284
0.7127280235290527
0.6829659938812256
0.7144190669059753
0.6972531676292419
0.6470248103141785
0.6883673071861267
0.6955300569534302
0.7110238075256348
0.7042653560638428
0.6673531532287598
0.6718284487724304
0.7269432544708252
0.6565855741500854
0.5584397912025452
0.6319734454154968
0.6310384273529053
0.6949170827865601
0.6819869875907898
0.6900219321250916
0.7096356153488159
0.7468242645263672
0.7337294816970825
0.48209086060523987
0.7705273628234863
0.671249508857727
0.5814229846000671
0.7138524055480957
0.7019879221916199
0.7230265736579895
0.7115671634674072
0.7253495454788208
0.7026245594024658
0.5892845392227173
0.7345532774925232
0.6896349787712097
0.6501680612564087
0.726891279220581
0.659401535987854
0.6711267828941345
0.648629903793335
0.6949158906936646
0.6919621229171753
0.6946309804916382
0.7213115692138672
0.672606348991394
0.6393141150474548
0.6979610323905945
0.6280806660652161
0.6732932925224304
0.7104821801185608
0.6950240731239319
0.6916629076004028
0.692115068435669
0.6763921976089478
0.6716745495796204
0.6882428526878357
0.6966337561607361
0.671920895576477
0.6875982880592346
0.6794434189796448
0.7053004503250122
0.7072721123695374
0.7195761203765869
0.7289344668388367
0.7413032650947571
0.730646550655365
0.7038428783416748
0.701419472694397
0.693374514579773
0.7329485416412354
0.702111542224884
0.6491677165031433
0.6840906739234924
0.72831791639328
0.6993141770362854
0.712792694568634
0.6952823400497437
0.7225539088249207
0.677396833896637
0.4874824285507202
0.559766948223114
0.5522949695587158
0.6575316190719604
0.6153620481491089
0.684330940246582
0.5787937045097351
0.4845530688762665
0.6997593641281128
0.6995222568511963
0.7230668663978577
0.6490062475204468
0.6938364505767822
0.7136268615722656
0.6943145394325256
0.6878089904785156
0.699008047580719
0.6753812432289124
0.6603631377220154
0.6126159429550171
0.726402997970581
0.6612347364425659
0.6881125569343567
0.5040233135223389
0.554037868976593
0.6415078639984131
0.5080658197402954
0.6814419627189636
0.7250051498413086
0.6263521909713745
0.7140145301818848
0.710376501083374
0.7286024689674377
0.6495848894119263
0.6484069228172302
0.6178870797157288
0.43770697712898254
0.6784610152244568
0.5433952808380127
0.519866406917572
0.6909067630767822
0.43770697712898254
0.7011315822601318
0.5155302882194519
0.7147920727729797
0.6809336543083191
0.6087636351585388
0.6607409119606018
0.6735170483589172
0.6029548048973083
0.6807491779327393
0.6836406588554382
0.7746278643608093
0.7248039245605469
0.684503972530365
0.5962592363357544
0.7071861624717712
0.5965654253959656
0.663324236869812
0.6363721489906311
0.6981824636459351
0.6623015403747559
0.6389349102973938
0.7018309831619263
0.6755800843238831
0.7194448709487915
0.5872805714607239
0.7078492641448975
0.5546666979789734
0.49641698598861694
0.6828826069831848
0.519866406917572
0.686195969581604
0.5515531897544861
0.5015961527824402
0.7316696643829346
0.6873810887336731
0.6848945021629333
0.7161431908607483
0.6841000914573669
0.7250356078147888
0.7080353498458862
0.728924036026001
0.694418728351593
0.6817597150802612
0.6997515559196472
0.5164457559585571
0.7253015041351318
0.7061163187026978
0.7139168977737427
0.6397207975387573
0.6696714162826538
0.6820611953735352
0.7321394681930542
0.7139321565628052
0.6974101662635803
0.6700462102890015
0.7043263912200928
0.6943785548210144
0.746636688709259
0.6867066621780396
0.7006960511207581
0.5902830362319946
0.697503387928009
0.6415359973907471
0.7621738910675049
0.7009209990501404
0.7320963740348816
0.6962036490440369
0.6843799352645874
0.682386577129364
0.7111081480979919
0.6767589449882507
0.7155226469039917
0.7218552827835083
0.6770672798156738
0.632469117641449
0.7382970452308655
0.7003059387207031
0.6716243028640747
0.7310031652450562
0.6918101906776428
0.6258953809738159
0.7065422534942627
0.6627481579780579
0.7158278822898865
0.693867564201355
0.7246528267860413
0.6817246079444885
0.7125180959701538
0.7105774283409119
0.741759717464447
0.7330992221832275
0.7041988968849182
0.6878570318222046
0.6635452508926392
0.7193756699562073
0.711057722568512
0.7259195446968079
0.7056602835655212
0.6754096746444702
0.7014964818954468
0.7159227132797241
0.6770666837692261
0.6189393997192383
0.7160946726799011
0.602790355682373
0.6518311500549316
0.5938047170639038
0.6698427796363831
0.609174370765686
0.663105309009552
0.5853793621063232
0.7035136222839355
0.6767224073410034
0.7198907732963562
0.6801547408103943
0.6544527411460876
0.6251863837242126
0.6788421869277954
0.6771697998046875
0.6678126454353333
0.6428473591804504
0.7136258482933044
0.70135897397995
0.6938022971153259
0.7090814709663391
0.696254551410675
0.6470470428466797
0.7008174061775208
0.6784243583679199
0.6008115410804749
0.6979193091392517
0.6902796030044556
0.7194967269897461
0.7024526596069336
0.6812698841094971
0.6818892359733582
0.5662797093391418
0.7159125208854675
0.7202015519142151
0.726777970790863
0.6796056032180786
0.6790459752082825
0.7231848239898682
0.6902435421943665
0.7424336075782776
0.6766815185546875
0.709457278251648
0.6368854641914368
0.6447532176971436
0.6959691643714905
0.7234145402908325
0.679297149181366
0.6691195964813232
0.7903645038604736
0.6834414601325989
0.6722003221511841
0.6607300043106079
0.6263843774795532
0.6472762823104858
0.639533519744873
0.5814229846000671
0.7255536913871765
0.6842114925384521
0.5649141669273376
0.6774214506149292
0.5542316436767578
0.6527991890907288
0.7207671403884888
0.693604588508606
0.672805905342102
0.7046045064926147
0.7266650199890137
0.6860842108726501
0.7045421600341797
0.6920499801635742
0.6573514938354492
0.6673135161399841
0.6727092266082764
0.7226726412773132
0.728628933429718
0.7099586129188538
0.7111426591873169
0.7155529856681824
0.7293199896812439
0.6982002854347229
0.7081353664398193
0.6946814656257629
0.7022508978843689
0.6821080446243286
0.7088773846626282
0.6924139857292175
0.7095457911491394
0.7012760043144226
0.5965842604637146
0.6423466801643372
0.6470398306846619
0.6478763222694397
0.7184278964996338
0.6771363019943237
0.6979645490646362
0.6831157207489014
0.6877203583717346
0.6978035569190979
0.7007406949996948
0.6629852652549744
0.5314508676528931
0.7267504930496216
0.6727588176727295
0.5222516059875488
0.7206851840019226
0.8122135996818542
0.6930726766586304
0.7008920311927795
0.6747068762779236
0.6804941892623901
0.6850813031196594
0.6509132385253906
0.7227044701576233
0.6841915845870972
0.5610814690589905
0.7229848504066467
0.7167080044746399
0.6906011700630188
0.6528439521789551
0.6883016228675842
0.7110946774482727
0.6963218450546265
0.6130926012992859
0.702533483505249
0.5043641924858093
0.7058805823326111
0.7337618470191956
0.6661483645439148
0.6902337074279785
0.6415078639984131
0.7071237564086914
0.7016724944114685
0.49757733941078186
0.6732925772666931
0.7000497579574585
0.7501925230026245
0.6625061631202698
0.6615150570869446
0.6401184797286987
0.6396467089653015
0.7060292959213257
0.7131439447402954
0.6464512944221497
0.6675214767456055
0.6979394555091858
0.6721173524856567
0.6606168746948242
0.646685004234314
0.6862612962722778
0.6792800426483154
0.7049695253372192
0.6781359910964966
0.5980395674705505
0.6737643480300903
0.6941242218017578
0.7040069103240967
0.6753663420677185
0.71878981590271
0.7324168682098389
0.5532019138336182
0.737839937210083
0.7159735560417175
0.7012107372283936
0.6573277115821838
0.720445454120636
0.6712567210197449
0.6102018356323242
0.6819170713424683
0.7039412260055542
0.6910540461540222
0.646622359752655
0.6199004650115967
0.6912297606468201
0.6554674506187439
0.6637251377105713
0.6961017847061157
0.6927617192268372
0.7285907864570618
0.694449782371521
0.709102988243103
0.6524813175201416
0.6172665953636169
0.7255972027778625
0.7113736271858215
0.6625929474830627
0.6815409064292908
0.6540884375572205
0.6928904056549072
0.6910656094551086
0.71274334192276
0.7360709309577942
0.6524505019187927
0.6904417276382446
0.7218549251556396
0.7065781950950623
0.7070112228393555
0.6998321413993835
0.6800293922424316
0.7099207639694214
0.737737238407135
0.6285309791564941
0.7588949203491211
0.7200884819030762
0.6853917241096497
0.648847222328186
0.672225296497345
0.6837133765220642
0.7221457958221436
0.6651116013526917
0.6860893964767456
0.690649151802063
0.5509486198425293
0.6932236552238464
0.5892845392227173
0.6790176630020142
0.6135865449905396
0.7916208505630493
0.5989795327186584
0.4688436686992645
0.6888023614883423
0.6535613536834717
0.7025786638259888
0.7029327750205994
0.6010507345199585
0.6915640234947205
0.6098494529724121
0.6631646156311035
0.6851795315742493
0.6577910780906677
0.726361095905304
0.6878947019577026
0.6700440645217896
0.6685612797737122
0.6703053712844849
0.4740414619445801
0.6890363097190857
0.7314646244049072
0.6614406108856201
0.6925567388534546
0.6500993967056274
0.6627650260925293
0.5946171879768372
0.6571727395057678
0.6855733394622803
0.6986051201820374
0.7212544083595276
0.7077715992927551
0.6718686819076538
0.7038946151733398
0.6387926340103149
0.7409051656723022
0.7063734531402588
0.7145072817802429
0.5052918791770935
0.6475429534912109
0.6577545404434204
0.7128327488899231
0.721890926361084
0.6964942216873169
0.6451722979545593
0.7074303030967712
0.5965933799743652
0.6927971839904785
0.6972419023513794
0.6669765710830688
0.6854271292686462
0.7265419363975525
0.6607043743133545
0.7213558554649353
0.6841224431991577
0.6798570156097412
0.6645687222480774
0.5179283022880554
0.6349602341651917
0.650384783744812
0.6103140711784363
0.7128531336784363
0.6926723718643188
0.6631078124046326
0.6388615965843201
0.7016695141792297
0.6498643755912781
0.6500285267829895
0.715420126914978
0.7329825162887573
0.707521378993988
0.6966639161109924
0.7211388945579529
0.667535126209259
0.6753321886062622
0.685418426990509
0.595615565776825
0.6864883303642273
0.7130280137062073
0.6954957246780396
0.6194513440132141
0.7141008377075195
0.71144038438797
0.6761883497238159
0.6007384061813354
0.6764840483665466
0.7082008719444275
0.6749873161315918
0.7208777666091919
0.7095208168029785
0.6314505338668823
0.6600460410118103
0.6976447701454163
0.7400935888290405
0.7208677530288696
0.6687661409378052
0.7018328309059143
0.7189282774925232
0.6562171578407288
0.6970316767692566
0.6928445100784302
0.6819444298744202
0.7489417791366577
0.7102881669998169
0.6290938854217529
0.6793970465660095
0.6661821603775024
0.6909818053245544
0.7275466918945312
0.7233559489250183
0.6582099199295044
0.699515163898468
0.7216344475746155
0.665762722492218
0.657371997833252
0.7143591642379761
0.4923354387283325
0.6944428086280823
0.6343136429786682
0.6274549961090088
0.7027279138565063
0.6694930195808411
0.711105465888977
0.7152460813522339
0.6902913451194763
0.6774023771286011
0.7044684886932373
0.6454293131828308
0.6601653695106506
0.5387693643569946
0.6954033970832825
0.6524767875671387
0.7004583477973938
0.711393415927887
0.6976494193077087
0.7029308080673218
0.7346572875976562
0.718605637550354
0.7113468647003174
0.710815966129303
0.6672104597091675
0.682345449924469
0.6224714517593384
0.6685971617698669
0.7131472826004028
0.665450930595398
0.7172322869300842
0.6117411851882935
0.5427941083908081
0.7245962023735046
0.6390431523323059
0.678704023361206
0.6066585183143616
0.5970621109008789
0.697810709476471
0.7318717241287231
0.6683945655822754
0.7112271785736084
0.6863338351249695
0.7285884022712708
0.7060240507125854
0.7039223313331604
0.7053120732307434
0.6957859992980957
0.7657433152198792
0.5015961527824402
0.6909117102622986
0.721585214138031
0.6667914390563965
0.6242358684539795
0.6955692172050476
0.7248939871788025
0.6931981444358826
0.7341923713684082
0.7030423283576965
0.7177820205688477
0.6061355471611023
0.6832706332206726
0.678895115852356
0.7082327008247375
0.6592077612876892
0.6584432721138
0.7358755469322205
0.7161622643470764
0.7154651284217834
0.7069348692893982
0.691935122013092
0.7138429284095764
0.7005503177642822
0.6467760801315308
0.6773474812507629
0.6780140399932861
0.640076756477356
0.6878570318222046
0.647975742816925
0.6831904649734497
0.7141433954238892
0.705277144908905
0.7127089500427246
0.6863842606544495
0.7117030620574951
0.7184903621673584
0.7220858931541443
0.6983289122581482
0.7042582035064697
0.6976757049560547
0.6574878096580505
0.7055180072784424
0.7478735446929932
0.7251184582710266
0.702273428440094
0.6684392094612122
0.6418624520301819
0.6746395230293274
0.7019332647323608
0.728297770023346
0.684237003326416
0.6950342059135437
0.6966561079025269
0.7132044434547424
0.7195948958396912
0.6665629148483276
0.5015961527824402
0.6457302570343018
0.6788157224655151
0.7111860513687134
0.6966153979301453
0.6934155821800232
0.7088457942008972
0.7067190408706665
0.6962903738021851
0.693814754486084
0.6578330397605896
0.665103018283844
0.7027541995048523
0.7140945792198181
0.6846449971199036
0.5152732133865356
0.6618219614028931
0.681216835975647
0.6749529242515564
0.6805617213249207
0.6974970102310181
0.6571687459945679
0.7050095796585083
0.6781308650970459
0.5460153222084045
0.7392600774765015
0.6899270415306091
0.7197256684303284
0.6781071424484253
0.7048450708389282
0.6788185834884644
0.6249991655349731
0.6974406838417053
0.7078292965888977
0.7233471870422363
0.6533985137939453
0.6988542675971985
0.7730675935745239
0.722769021987915
0.6808615922927856
0.6635176539421082
0.7123500108718872
0.6858726739883423
0.7137068510055542
0.7073957920074463
0.7220601439476013
0.695619523525238
0.702041745185852
0.7089512348175049
0.6967325210571289
0.6520060300827026
0.715599000453949
0.6120932102203369
0.6990610361099243
0.7210063934326172
0.6329737901687622
0.696079671382904
0.6896203756332397
0.617797315120697
0.7151991724967957
0.6987320184707642
0.6770631670951843
0.7026563286781311
0.674105167388916
0.683027982711792
0.7100017666816711
0.6721785664558411
0.6188143491744995
0.6841804385185242
0.666236400604248
0.7175078392028809
0.6576784253120422
0.5398108959197998
0.717498779296875
0.7064724564552307
0.6804302930831909
0.7018171548843384
0.6977900862693787
0.6839028596878052
0.6951132416725159
0.7066908478736877
0.6945149898529053
0.7034223675727844
0.6577948927879333
0.6921257376670837
0.7403565049171448
0.6910136342048645
0.6870163679122925
0.6771957278251648
0.6891692280769348
0.5956053137779236
0.687703013420105
0.6595917344093323
0.6646268963813782
0.5627233386039734
0.5500246286392212
0.6213762760162354
0.6702781915664673
0.5196009874343872
0.6855003833770752
0.6948341131210327
0.6709662675857544
0.6930984258651733
0.5860289931297302
0.6985602974891663
0.6900864839553833
0.6850133538246155
0.7046144008636475
0.7443406581878662
0.7106554508209229
0.6921210289001465
0.7499547600746155
0.6815624833106995
0.5789781212806702
0.6540552377700806
0.7228710055351257
0.7221928834915161
0.7121458053588867
0.7067196369171143
0.6891489624977112
0.6886499524116516
0.7098046541213989
0.7089200615882874
0.6903068423271179
0.6750746965408325
0.7102281451225281
0.7285365462303162
0.6830381155014038
0.73651123046875
0.7380144596099854
0.6790637969970703
0.7250427603721619
0.7270588874816895
0.6895678043365479
0.6572652459144592
0.6830850839614868
0.7132356762886047
0.7861075401306152
0.7059391140937805
0.7034599184989929
0.7258723378181458
0.6734768152236938
0.7012299299240112
0.6858363151550293
0.6930429339408875
0.6118823885917664
0.6881549954414368
0.6778740882873535
0.6366187930107117
0.6857847571372986
0.6457959413528442
0.7033306956291199
0.7167721390724182
0.6581061482429504
0.7143536806106567
0.6969296336174011
0.7100513577461243
0.7120310664176941
0.714496374130249
0.7038520574569702
0.6849101781845093
0.6443659067153931
0.6829758882522583
0.6841659545898438
0.6920180320739746
0.7020289301872253
0.7099771499633789
0.65272456407547
0.7108245491981506
0.6799213290214539
0.5432451367378235
0.6678242683410645
0.691872775554657
0.6659474968910217
0.6278150081634521
0.6724470853805542
0.6703190207481384
0.7074729204177856
0.630193829536438
0.6686275601387024
0.6595756411552429
0.7009947896003723
0.6351324319839478
0.6396072506904602
0.6340344548225403
0.6958205103874207
0.7085130214691162
0.7088804244995117
0.7131875157356262
0.7072646617889404
0.6775175929069519
0.6585347652435303
0.6385884881019592
0.7200875282287598
0.7357531189918518
0.6831258535385132
0.7393366694450378
0.6542282104492188
0.6721354722976685
0.6916292309761047
0.6587397456169128
0.5858575105667114
0.6848068833351135
0.7177324295043945
0.7052358984947205
0.6854175329208374
0.7079440951347351
0.7037770748138428
0.727880597114563
0.6769292950630188
0.7063086032867432
0.7036594748497009
0.6460689306259155
0.6863844990730286
0.6596072316169739
0.624812126159668
0.7031716108322144
0.7173932194709778
0.6830549240112305
0.6341789960861206
0.7941697835922241
0.7340031862258911
0.7128360867500305
0.6665617823600769
0.7492032647132874
0.7651785612106323
0.7083950042724609
0.7162690758705139
0.685302197933197
0.6345769166946411
0.7021030783653259
0.7296208739280701
0.7113146781921387
0.6934654116630554
0.7251698970794678
0.7045288681983948
0.7393495440483093
0.6300641298294067
0.688721239566803
0.7099922299385071
0.6803762316703796
0.6200432181358337
0.6803493499755859
0.68888920545578
0.6819037795066833
0.6532363295555115
0.7233742475509644
0.7433423399925232
0.7104191780090332
0.8092396259307861
0.7030404210090637
0.6968263983726501
0.7048873901367188
0.6686204075813293
0.7095603346824646
0.6684305667877197
0.7439635396003723
0.7291300296783447
0.7001832723617554
0.6180590391159058
0.6698035001754761
0.6471794247627258
0.6768484711647034
0.6954280138015747
0.6788638830184937
0.7423105239868164
0.6997820138931274
0.7108907103538513
0.6997898817062378
0.7335089445114136
0.6886866092681885
0.7243193984031677
0.7275408506393433
0.7099815607070923
0.7000218033790588
0.7015134692192078
0.672296941280365
0.6961191892623901
0.7080956101417542
0.6989160776138306
0.7493330240249634
0.6930544376373291
0.691031277179718
0.7089197635650635
0.7201783657073975
0.7124707698822021
0.7146742939949036
0.6339483857154846
0.706589937210083
0.6860096454620361
0.6960052847862244
0.6813762784004211
0.6642311811447144
0.6930171251296997
0.6882504224777222
0.7367721199989319
0.7062713503837585
0.6673346757888794
0.6780600547790527
0.707282304763794
0.6257531046867371
0.7691553235054016
0.7075513005256653
0.7037287354469299
0.7685879468917847
0.6793535351753235
0.6954243183135986
0.6492202877998352
0.6835099458694458
0.6841171979904175
0.69744473695755
0.6699712872505188
0.7080009579658508
0.7361773252487183
0.5795727372169495
0.7452184557914734
0.6964418888092041
0.6901966333389282
0.6824243664741516
0.689807116985321
0.7006797194480896
0.6942302584648132
0.7531952857971191
0.7113655209541321
0.7058799266815186
0.7479540705680847
0.5315088033676147
0.7133370041847229
0.6977502107620239
0.5980325937271118
0.6958268880844116
0.6744843125343323
0.5074145793914795
0.6464717984199524
0.7042149305343628
0.7133031487464905
0.7097800374031067
0.6719158291816711
0.684956431388855
0.6911827921867371
0.7545886039733887
0.6969799399375916
0.6826943159103394
0.6927580237388611
0.7226568460464478
0.6560714244842529
0.7491632103919983
0.7287437915802002
0.6703013181686401
0.6415531039237976
0.7501190304756165
0.7136061787605286
0.6920775771141052
0.629683792591095
0.7055767178535461
0.6548506617546082
0.6890415549278259
0.717925488948822
0.6726846098899841
0.6749422550201416
0.6965969204902649
0.7116457223892212
0.6896527409553528
0.7530369758605957
0.6513689160346985
0.7056799530982971
0.7830258011817932
0.5700229406356812
0.7026992440223694
0.6827526092529297
0.7428663969039917
0.729209303855896
0.6959285140037537
0.6986837387084961
0.7250914573669434
0.7251065373420715
0.6955164074897766
0.7298349142074585
0.6549997329711914
0.7162163257598877
0.6567191481590271
0.7004759311676025
0.628044843673706
0.7192174196243286
0.6681026220321655
0.7254747748374939
0.6458399295806885
0.6338405013084412
0.6884567141532898
0.6735646724700928
0.6693769693374634
0.5079392790794373
0.6781757473945618
0.7064210176467896
0.648735523223877
0.5660067796707153
0.6643746495246887
0.6866185069084167
0.53120356798172
0.6920115351676941
0.7185738682746887
0.6632839441299438
0.7266509532928467
0.6732356548309326
0.6947489380836487
0.7260175943374634
0.6592941284179688
0.7176266312599182
0.7430039048194885
0.7233110070228577
0.6775959134101868
0.7280044555664062
0.6978978514671326
0.6625394225120544
0.6979885697364807
0.7053743600845337
0.684187650680542
0.7260796427726746
0.7017265558242798
0.6840088963508606
0.6961697340011597
0.712844967842102
0.5867411494255066
0.7629391551017761
0.7348573803901672
0.7060557007789612
0.6827490925788879
0.6642219424247742
0.7264536023139954
0.6615185737609863
0.6921641230583191
0.7261472344398499
0.6882095336914062
0.6271335482597351
0.6806936264038086
0.7372370362281799
0.7217127680778503
0.702686607837677
0.689736008644104
0.6861851811408997
0.6487814784049988
0.6921727657318115
0.7019466757774353
0.7369970679283142
0.7089381814002991
0.7258064150810242
0.6896253824234009
0.6496934294700623
0.5013505816459656
0.6941782832145691
0.7130250930786133
0.712621808052063
0.6804553866386414
0.6500993967056274
0.6462579369544983
0.6699476838111877
0.7239915728569031
0.6415078639984131
0.7477192878723145
0.7090179920196533
0.7268413305282593
0.703925371170044
0.7038362622261047
0.7095884680747986
0.6947768330574036
0.6081704497337341
0.6918187141418457
0.6952846646308899
0.6744716763496399
0.7107414603233337
0.6239753365516663
0.7404336333274841
0.7142724394798279
0.7006642818450928
0.6672029495239258
0.6917327046394348
0.6574302911758423
0.6948798298835754
0.6806293725967407
0.7146866917610168
0.6220494508743286
0.7428823113441467
0.7011558413505554
0.7147527933120728
0.6556172370910645
0.7146487236022949
0.7059040069580078
0.7131452560424805
0.7345636487007141
0.7031832337379456
0.6729806661605835
0.6017948985099792
0.6431823372840881
0.6833752989768982
0.6687707304954529
0.6770157217979431
0.6659298539161682
0.6972962021827698
0.6817166209220886
0.7079635262489319
0.7337080836296082
0.721932053565979
0.6316655278205872
0.7140059471130371
0.6961875557899475
0.6954354643821716
0.7080695629119873
0.6312577128410339
0.5239124894142151
0.7330858707427979
0.6870644688606262
0.6566820740699768
0.6894946694374084
0.5143811702728271
0.6912335753440857
0.7367815971374512
0.6895967721939087
0.6938616633415222
0.6859582662582397
0.5059541463851929
0.7463186383247375
0.6539320945739746
0.6903517842292786
0.7355057001113892
0.6999046206474304
0.7416850924491882
0.6666256189346313
0.6753540635108948
0.6826194524765015
0.6922379732131958
0.6779158711433411
0.6963362693786621
0.7201603651046753
0.7057034373283386
0.6909763813018799
0.6973888874053955
0.6415555477142334
0.7148821949958801
0.7242563962936401
0.6717456579208374
0.7094724774360657
0.7141797542572021
0.6809407472610474
0.6925734281539917
0.715709388256073
0.6602540016174316
0.6464038491249084
0.6889868974685669
0.7106271386146545
0.6892245411872864
0.746650218963623
0.7041797637939453
0.6415078639984131
0.691719114780426
0.7315744757652283
0.6772763729095459
0.6621410846710205
0.6588689684867859
0.6700564026832581
0.6848258972167969
0.5925033688545227
0.6528850793838501
0.6669756770133972
0.6849973797798157
0.7153550386428833
0.6776812672615051
0.6239051818847656
0.6911193132400513
0.6874880790710449
0.6710204482078552
0.6415078639984131
0.6755344271659851
0.706446647644043
0.6740956902503967
0.6742030382156372
0.704980194568634
0.702591598033905
0.6442716121673584
0.673492968082428
0.7046301364898682
0.6901065111160278
0.6542807221412659
0.6805747747421265
0.7132604718208313
0.6451222896575928
0.7380892038345337
0.7196401357650757
0.6856056451797485
0.7096580862998962
0.7024223208427429
0.6812353134155273
0.7300101518630981
0.6598095893859863
0.6796875
0.7147302031517029
0.6670467853546143
0.6794447302818298
0.5898704528808594
0.7144838571548462
0.6911923289299011
0.7189716100692749
0.6667517423629761
0.5901307463645935
0.6799203753471375
0.7223896384239197
0.679176390171051
0.737014651298523
0.7331933379173279
0.6884003281593323
0.7324438095092773
0.6670998334884644
0.7173040509223938
0.6421111226081848
0.7207399010658264
0.694840133190155
0.6930360198020935
0.695168137550354
0.7097936868667603
0.7158427834510803
0.5085649490356445
0.655964195728302
0.6732594966888428
0.7060490250587463
0.7260943651199341
0.7246644496917725
0.7091875672340393
0.6609843969345093
0.7553144693374634
0.6629165410995483
0.6968005895614624
0.6305031776428223
0.7632321119308472
0.6166862845420837
0.6500993967056274
0.6985838413238525
0.6912187933921814
0.6728238463401794
0.6500993967056274
0.6590677499771118
0.6676969528198242
0.6768649816513062
0.7096279859542847
0.7237718105316162
0.6835857629776001
0.7100523114204407
0.7010587453842163
0.6661012768745422
0.6909112930297852
0.6452730894088745
0.7129196524620056
0.6912306547164917
0.6981312036514282
0.7142132520675659
0.6680949330329895
0.6633246541023254
0.7067781686782837
0.7105829119682312
0.5234392881393433
0.7240749001502991
0.697684109210968
0.7067378163337708
0.7095275521278381
0.6779065132141113
0.6495123505592346
0.7226108908653259
0.634274423122406
0.642105758190155
0.6415078639984131
0.6688724756240845
0.6970129609107971
0.6303239464759827
0.7238759398460388
0.6354888081550598
0.6595358848571777
0.7078266143798828
0.6801344156265259
0.6843840479850769
0.7035329341888428
0.7100163698196411
0.697201669216156
0.4627159535884857
0.6733394265174866
0.6684151291847229
0.7110956907272339
0.6763866543769836
0.7001294493675232
0.7148943543434143
0.7021341323852539
0.7073553800582886
0.7258341908454895
0.680394172668457
0.7329112887382507
0.6634877324104309
0.6733459234237671
0.6735016107559204
0.699425458908081
0.6317853927612305
0.7060568928718567
0.6582016348838806
0.6225913166999817
0.6779338121414185
0.7245346307754517
0.6605191230773926
0.7281633615493774
0.6941208839416504
0.7367429733276367
0.692115306854248
0.5895698666572571
0.7034407258033752
0.7129802703857422
0.695135235786438
0.44834864139556885
0.5222108960151672
0.6954584121704102
0.604636549949646
0.7516855001449585
0.5208235383033752
0.6605014801025391
0.6658602952957153
0.6846182346343994
0.7281336784362793
0.6867629885673523
0.6973560452461243
0.6942117214202881
0.6768912672996521
0.700349748134613
0.6963931322097778
0.6819109916687012
0.6141634583473206
0.6891517043113708
0.6789681315422058
0.7030674815177917
0.6940961480140686
0.6727016568183899
0.7499852776527405
0.7052559852600098
0.6932545900344849
0.6823049783706665
0.7327534556388855
0.6304811239242554
0.6897993683815002
0.7086281180381775
0.6650131940841675
0.6750319004058838
0.6345551013946533
0.5408560633659363
0.7116718292236328
0.6793529987335205
0.5690268278121948
0.6665842533111572
0.6746581196784973
0.6831409931182861
0.6581987738609314
0.7031219601631165
0.7113416790962219
0.6816045045852661
0.7254454493522644
0.7244519591331482
0.6345754861831665
0.7278769016265869
0.6241776943206787
0.6992174983024597
0.7105355262756348
0.6798155903816223
0.6836742162704468
0.6925780177116394
0.650676429271698
0.7301051616668701
0.6715591549873352
0.6783163547515869
0.6637823581695557
0.7266551852226257
0.6845811009407043
0.5540425181388855
0.6781142354011536
0.6663063764572144
0.7206180691719055
0.6944000124931335
0.6792827248573303
0.6447181105613708
0.6976853609085083
0.6978474259376526
0.593853235244751
0.6622067093849182
0.6977882981300354
0.5152732133865356
0.7310521006584167
0.7220549583435059
0.6653496026992798
0.537399172782898
0.7124760150909424
0.5483154654502869
0.7026914358139038
0.6888064742088318
0.7249465584754944
0.6264805197715759
0.6666914820671082
0.6644914150238037
0.7890135049819946
0.6783424615859985
0.653531014919281
0.7398775815963745
0.6594284176826477
0.6407828330993652
0.685937225818634
0.6896124482154846
0.7313692569732666
0.7086938619613647
0.7179728150367737
0.700567364692688
0.6480158567428589
0.5285160541534424
0.7180274128913879
0.7070693969726562
0.7219593524932861
0.7141698598861694
0.7108608484268188
0.6908813714981079
0.7074695825576782
0.6571645140647888
0.6899715662002563
0.7175551056861877
0.7165389657020569
0.6540215015411377
0.7072686553001404
0.7222974896430969
0.6758826375007629
0.7088572978973389
0.6463080644607544
0.7029873728752136
0.6599110960960388
0.676081657409668
0.711729109287262
0.6886929869651794
0.7055099010467529
0.6970615983009338
0.6999464631080627
0.6882485747337341
0.7522789239883423
0.6345018148422241
0.7453527450561523
0.5457797050476074
0.7000985741615295
0.6862543225288391
0.6817984580993652
0.6873102188110352
0.6163382530212402
0.6680980324745178
0.5867652893066406
0.7021345496177673
0.7242752909660339
0.6773362159729004
0.6855473518371582
0.7261002063751221
0.7165807485580444
0.6967782378196716
0.6323884725570679
0.5862821936607361
0.6917415261268616
0.7258746027946472
0.5582560896873474
0.7033905982971191
0.5493764877319336
0.5553992390632629
0.698541522026062
0.4958406090736389
0.6792276501655579
0.6934690475463867
0.6846551299095154
0.6477115154266357
0.7316994071006775
0.7104823589324951
0.7243387699127197
0.5436327457427979
0.7192323803901672
0.7012370228767395
0.7193341851234436
0.7499529719352722
0.6387971639633179
0.7241160869598389
0.5561056733131409
0.6778512597084045
0.7169519066810608
0.696203887462616
0.6484052538871765
0.6320163011550903
0.5968267321586609
0.6757400035858154
0.7459782958030701
0.7254647016525269
0.6482170224189758
0.7199307084083557
0.6983131170272827
0.6903873682022095
0.6539296507835388
0.7238020300865173
0.6770480275154114
0.7222915291786194
0.7030844688415527
0.6854668855667114
0.6370008587837219
0.6447996497154236
0.5150558948516846
0.6541218757629395
0.6695650219917297
0.689842164516449
0.6923412680625916
0.6490495204925537
0.5970216393470764
0.6754897236824036
0.5314013361930847
0.6015368103981018
0.6933457851409912
0.6877717971801758
0.7045611143112183
0.5597028136253357
0.6432105898857117
0.7114735245704651
0.6662304997444153
0.6041702628135681
0.6875943541526794
0.6806976795196533
0.6441236138343811
0.6733646392822266
0.5596656203269958
0.7137802243232727
0.6866653561592102
0.6733076572418213
0.7000408172607422
0.6346938014030457
0.6746606826782227
0.6721201539039612
0.7142056226730347
0.7487349510192871
0.6801998615264893
0.7970631122589111
0.6605923175811768
0.7203364372253418
0.7090358734130859
0.6919018030166626
0.7908536195755005
0.568041980266571
0.587434709072113
0.6892220973968506
0.6861858367919922
0.692282497882843
0.6599155068397522
0.700120210647583
0.7478847503662109
0.7336128950119019
0.6089218854904175
0.7873472571372986
0.7044841647148132
0.5646738409996033
0.5753074288368225
0.7568403482437134
0.6813271641731262
0.6348852515220642
0.7268341183662415
0.6814784407615662
0.702305257320404
0.7201282382011414
0.710635781288147
0.6891850829124451
0.6946275234222412
0.6614850163459778
0.7489973306655884
0.5968877673149109
0.7366702556610107
0.7462859749794006
0.7162440419197083
0.7295955419540405
0.5766350030899048
0.6968804597854614
0.6297084093093872
0.7120724320411682
0.7317447662353516
0.7045418620109558
0.6861867904663086
0.7347787022590637
0.7053266167640686
0.6999661326408386
0.5695021748542786
0.6526113748550415
0.7134464979171753
0.7162266969680786
0.6454991698265076
0.6564025282859802
0.7085314989089966
0.6689763069152832
0.7173880338668823
0.7074460387229919
0.6335425972938538
0.6505739688873291
0.6514071822166443
0.6730546355247498
0.5284398794174194
0.7299780249595642
0.7208884358406067
0.7076417803764343
0.6779813766479492
0.6852360963821411
0.5161498785018921
0.6683861613273621
0.6625468730926514
0.7174605131149292
0.6532028913497925
0.685543954372406
0.7364475131034851
0.7160534858703613
0.6856052279472351
0.7114385962486267
0.6644555926322937
0.7200473546981812
0.7117987275123596
0.657920777797699
0.6973419189453125
0.6422449350357056
0.7150092124938965
0.6989582180976868
0.47800299525260925
0.7049524784088135
0.6720970869064331
0.7238938212394714
0.739479124546051
0.6127285361289978
0.6907674074172974
0.7157948017120361
0.6489909887313843
0.6666255593299866
0.7427587509155273
0.6532313823699951
0.5988960862159729
0.6807530522346497
0.767491340637207
0.6217957735061646
0.6579353213310242
0.6844177842140198
0.6600803732872009
0.6753004789352417
0.604559600353241
0.6611781716346741
0.6448449492454529
0.684611439704895
0.6994740962982178
0.6851661801338196
0.5735121369361877
0.7428023815155029
0.6876066327095032
0.7258179783821106
0.7208436727523804
0.6884832382202148
0.7558117508888245
0.7248337268829346
0.6626577377319336
0.6223685145378113
0.689142107963562
0.6632829308509827
0.72174072265625
0.5068802833557129
0.6752865314483643
0.6031160354614258
0.6962119936943054
0.5289671421051025
0.5838634371757507
0.7222684621810913
0.5188454389572144
0.7184727191925049
0.6686274409294128
0.6642724871635437
0.6740901470184326
0.7074711322784424
0.7200794816017151
0.5518070459365845
0.6139082312583923
0.5714759826660156
0.7235175371170044
0.6951867938041687
0.7135041952133179
0.7004161477088928
0.5653464794158936
0.6953151822090149
0.709918200969696
0.6963199377059937
0.6870173215866089
0.693087637424469
0.67777019739151
0.5671783685684204
0.6746837496757507
0.5970886945724487
0.6777725219726562
0.6848384141921997
0.6299440264701843
0.6913902759552002
0.6853066086769104
0.7031778693199158
0.6775175333023071
0.6603640913963318
0.7007619142532349
0.7087319493293762
0.7300568222999573
0.6962399482727051
0.6498073935508728
0.7118353247642517
0.6343065500259399
0.6050689220428467
0.7323265075683594
0.6807963252067566
0.5545971989631653
0.6747880578041077
0.7138605117797852
0.6797610521316528
0.6977112889289856
0.6879726052284241
0.5736238956451416
0.6510105729103088
0.6446453928947449
0.7072812914848328
0.7162314057350159
0.699885904788971
0.6524264812469482
0.6510495543479919
0.7150107026100159
0.7226776480674744
0.7282586097717285
0.7164130210876465
0.5849593877792358
0.6541274785995483
0.5243151783943176
0.5140442252159119
0.6816390752792358
0.6611232161521912
0.690171480178833
0.6646983027458191
0.7033109068870544
0.7262417078018188
0.7136173844337463
0.7182204723358154
0.5223889350891113
0.6515040397644043
0.6819811463356018
0.6926650404930115
0.5764530897140503
0.5419033169746399
0.6628968119621277
0.6868454217910767
0.6674179434776306
0.7139331698417664
0.6929486393928528
0.7325925230979919
0.656543493270874
0.7224863767623901
0.7066988348960876
0.6824765801429749
0.685153067111969
0.48174959421157837
0.6922141909599304
0.7176260352134705
0.7214987277984619
0.7473389506340027
0.7138564586639404
0.6220312714576721
0.7103822827339172
0.6936647295951843
0.5061955451965332
0.7192271947860718
0.6803813576698303
0.6766991019248962
0.5955685377120972
0.6813181638717651
0.5140105485916138
0.7052367329597473
0.6976843476295471
0.5931668877601624
0.5604658126831055
0.6319931745529175
0.6708746552467346
0.6932580471038818
0.6940425038337708
0.7369934320449829
0.6765735149383545
0.7101671695709229
0.6431989073753357
0.7051441669464111
0.7214679718017578
0.672570526599884
0.6670956611633301
0.657235860824585
0.7379406094551086
0.6869601607322693
0.7022270560264587
0.6852781176567078
0.5942952632904053
0.6900944113731384
0.7262051105499268
0.639792799949646
0.7101729512214661
0.6885460615158081
0.6865910291671753
0.6234571933746338
0.7103341817855835
0.700616717338562
0.5896272659301758
0.7319720387458801
0.5166399478912354
0.6379640102386475
0.7007653117179871
0.6775075793266296
0.6908758878707886
0.7171871662139893
0.6248477101325989
0.6187620759010315
0.684368371963501
0.7463432550430298
0.5326891541481018
0.7011568546295166
0.6522297859191895
0.5975213646888733
0.6877903938293457
0.7318945527076721
0.7263504266738892
0.6677923202514648
0.6806972026824951
0.7275051474571228
0.7215442657470703
0.7167957425117493
0.7368234395980835
0.6923583149909973
0.7168272137641907
0.7483221292495728
0.6861406564712524
0.7032314538955688
0.6771788001060486
0.6481988430023193
0.7532385587692261
0.6711527109146118
0.6660311818122864
0.6643781065940857
0.6982332468032837
0.6667834520339966
0.7570480704307556
0.6983264684677124
0.6269278526306152
0.7177073955535889
0.6862079501152039
0.7073605060577393
0.6963533163070679
0.7324150204658508
0.6091208457946777
0.7037584185600281
0.7083041667938232
0.7326017022132874
0.6832135319709778
0.7326363921165466
0.7439257502555847
0.6280228495597839
0.5908360481262207
0.6971680521965027
0.6603463888168335
0.6800665259361267
0.7203452587127686
0.6578518152236938
0.6128595471382141
0.668516993522644
0.5536074042320251
0.6837922930717468
0.5227429270744324
0.7061630487442017
0.6962688565254211
0.5879448056221008
0.6924856901168823
0.7320018410682678
0.47362586855888367
0.7142917513847351
0.6244051456451416
0.5545369386672974
0.7237534523010254
0.7178520560264587
0.6539504528045654
0.5404717326164246
0.6688111424446106
0.735048234462738
0.6965829133987427
0.6707249283790588
0.6808182597160339
0.7232214212417603
0.6843501329421997
0.7460822463035583
0.6229152679443359
0.6709975600242615
0.6245803833007812
0.6875353455543518
0.7132169604301453
0.7203760743141174
0.6714444756507874
0.7000381946563721
0.7368279695510864
0.7051271200180054
0.5735121369361877
0.7018917798995972
0.5699658393859863
0.6747793555259705
0.5572373270988464
0.7055694460868835
0.7986847162246704
0.6438843011856079
0.712560772895813
0.7104215621948242
0.7092034220695496
0.7581911087036133
0.5603938698768616
0.6301257014274597
0.6523853540420532
0.6922617554664612
0.7066382169723511
0.7084048390388489
0.6797845363616943
0.6746429800987244
0.6920351386070251
0.5760036706924438
0.7081437706947327
0.6969704627990723
0.6656064391136169
0.6845148205757141
0.7328633069992065
0.6037814021110535
0.7092283368110657
0.6621263027191162
0.6346763968467712
0.6658589243888855
0.6879721283912659
0.6166206002235413
0.6140127778053284
0.6448166966438293
0.6305476427078247
0.5703429579734802
0.6520715951919556
0.7101178765296936
0.7191557288169861
0.6750706434249878
0.6589980125427246
0.658551812171936
0.66759192943573
0.6600571274757385
0.7422043085098267
0.6814354658126831
0.6236824989318848
0.6750249266624451
0.6670235991477966
0.7148960828781128
0.6901560425758362
0.63275545835495
0.6857951879501343
0.702974796295166
0.6844974756240845
0.6883792281150818
0.6973814368247986
0.6960625648498535
0.6605479717254639
0.6917325258255005
0.7148281335830688
0.7287722229957581
0.6580342054367065
0.727376401424408
0.6335435509681702
0.6751242876052856
0.717061460018158
0.6767768263816833
0.7188100218772888
0.5965339541435242
0.6630346179008484
0.6866447925567627
0.5825102925300598
0.7389450669288635
0.6824731230735779
0.44725295901298523
0.6940853595733643
0.5650646686553955
0.6734169125556946
0.7232200503349304
0.5740018486976624
0.6805359125137329
0.739395022392273
0.6765934228897095
0.6650602221488953
0.7126458287239075
0.7217752933502197
0.511546790599823
0.7035531997680664
0.6458492875099182
0.7488544583320618
0.5980269908905029
0.6718234419822693
0.6739382147789001
0.7182822227478027
0.6753370761871338
0.6693291068077087
0.6839486360549927
0.7202761769294739
0.5982367992401123
0.7486153244972229
0.6710112690925598
0.6315889954566956
0.6640800833702087
0.5396392345428467
0.7199172377586365
0.7099564075469971
0.6527295112609863
0.7144842743873596
0.7212983965873718
0.6969115138053894
0.6704801917076111
0.6481755971908569
0.6857664585113525
0.6849398612976074
0.7209267616271973
0.5757800340652466
0.6138787865638733
0.7061032056808472
0.6926116943359375
0.5802300572395325
0.6835318207740784
0.5427382588386536
0.5720170140266418
0.7409380674362183
0.7094857692718506
0.7153776288032532
0.5525955557823181
0.7072476148605347
0.5882643461227417
0.6694629788398743
0.7249706983566284
0.6460232734680176
0.676281750202179
0.7597095370292664
0.6981599926948547
0.645719587802887
0.7067994475364685
0.6958595514297485
0.7746606469154358
0.6768978238105774
0.6001577973365784
0.4766886830329895
0.7357708215713501
0.7181688547134399
0.6823845505714417
0.6835840940475464
0.6933026313781738
0.6890681982040405
0.7151864767074585
0.6759409308433533
0.69029301404953
0.6951799392700195
0.6658005714416504
0.7153535485267639
0.7191015481948853
0.6708404421806335
0.6987037658691406
0.6942098736763
0.714008092880249
0.6667296886444092
0.6987793445587158
0.7147912979125977
0.6597172021865845
0.6805601119995117
0.7252882122993469
0.6291460394859314
0.6836550235748291
0.6109220385551453
0.7460256218910217
0.6685347557067871
0.5566427707672119
0.7263917326927185
0.6639515161514282
0.7249219417572021
0.6569717526435852
0.6023896932601929
0.7530918717384338
0.7187449932098389
0.6919922232627869
0.7108349800109863
0.6589263081550598
0.6969259977340698
0.7118776440620422
0.6888843774795532
0.6863628029823303
0.7171413898468018
0.6972104907035828
0.7611206769943237
0.6559103727340698
0.7071599960327148
0.5296736359596252
0.7529277205467224
0.7334637641906738
0.7217082977294922
0.6323764324188232
0.7006503939628601
0.5187894701957703
0.6440057754516602
0.4605061709880829
0.7152467370033264
0.5554322004318237
0.7064946293830872
0.5840905904769897
0.6839823722839355
0.6656813025474548
0.6130926012992859
0.5708653330802917
0.6846902966499329
0.7162156105041504
0.5746150612831116
0.6331290006637573
0.6885969638824463
0.7203163504600525
0.681526243686676
0.687027096748352
0.6436127424240112
0.7033114433288574
0.6905859112739563
0.7228114604949951
0.5148286819458008
0.7225154042243958
0.684634268283844
0.5698472261428833
0.6817069053649902
0.6639411449432373
0.6593810319900513
0.5285112261772156
0.689633846282959
0.6592113971710205
0.6967596411705017
0.6880803108215332
0.6302868127822876
0.6233104467391968
0.6863076686859131
0.7040751576423645
0.6872691512107849
0.7271730303764343
0.5511848330497742
0.6018903851509094
0.4661789536476135
0.599572479724884
0.6668478846549988
0.5993042588233948
0.7181472182273865
0.7018367648124695
0.6353000998497009
0.65818852186203
0.6969947814941406
0.519295871257782
0.681138813495636
0.7199500799179077
0.6245396733283997
0.691444456577301
0.7485296130180359
0.6569637656211853
0.686301052570343
0.7249887585639954
0.7040809988975525
0.6997555494308472
0.7364242672920227
0.7575729489326477
0.7421368956565857
0.7020494937896729
0.6873010396957397
0.7687368392944336
0.6919272541999817
0.7219283580780029
0.7073330879211426
0.7043785452842712
0.7923063635826111
0.7026699781417847
0.5926451683044434
0.7090945839881897
0.6874229311943054
0.7295689582824707
0.6912873983383179
0.6888240575790405
0.6715137362480164
0.7055885195732117
0.7361133098602295
0.5228703618049622
0.7015666365623474
0.7202011346817017
0.712146520614624
0.6660448312759399
0.7101162672042847
0.7410293817520142
0.7166964411735535
0.718862771987915
0.6587679386138916
0.6901114583015442
0.6818417310714722
0.5491926074028015
0.6994135975837708
0.6888806223869324
0.7116493582725525
0.6837155818939209
0.7180770635604858
0.6749787330627441
0.6799225211143494
0.6563649773597717
0.7037168741226196
0.6399179100990295
0.7067177295684814
0.7258474826812744
0.6961513757705688
0.7916548848152161
0.6920795440673828
0.7052914500236511
0.715530276298523
0.6995164155960083
0.683600902557373
0.6781154274940491
0.5793300271034241
0.6944574117660522
0.6687724590301514
0.5612645149230957
0.660184919834137
0.6813079714775085
0.70732581615448
0.7256004810333252
0.7040337920188904
0.6855347752571106
0.8121354579925537
0.5151661038398743
0.7274597883224487
0.674950122833252
0.6997343301773071
0.6766956448554993
0.5205373764038086
0.7137760519981384
0.7138468027114868
0.7473120093345642
0.5871883630752563
0.5711355209350586
0.7159497141838074
0.6320511102676392
0.5972515940666199
0.7203410267829895
0.6783123016357422
0.7151904702186584
0.7195985317230225
0.6292850375175476
0.687923789024353
0.6501645445823669
0.7099513411521912
0.7244159579277039
0.4770510196685791
0.5729870796203613
0.7360357046127319
0.6676226854324341
0.6818569898605347
0.7196303009986877
0.6758090257644653
0.6669926643371582
0.761981189250946
0.7054485082626343
0.6932996511459351
0.6117069721221924
0.730689525604248
0.7198286056518555
0.6837381720542908
0.735521137714386
0.485175758600235
0.6948606967926025
0.6982230544090271
0.6982996463775635
0.7347418069839478
0.560504674911499
0.6966524720191956
0.6704679727554321
0.5184762477874756
0.7157408595085144
0.6710640788078308
0.7049145102500916
0.7036885619163513
0.6788373589515686
0.7333784103393555
0.5745333433151245
0.7542997002601624
0.5518296957015991
0.6632335186004639
0.6896812915802002
0.7015600800514221
0.6964907646179199
0.6978532671928406
0.6752662658691406
0.6844385266304016
0.6803765296936035
0.6835337281227112
0.6773518919944763
0.7163119316101074
0.7213438153266907
0.7862032651901245
0.6920591592788696
0.6920623183250427
0.5835481882095337
0.71477872133255
0.5602700114250183
0.6828848719596863
0.7329288125038147
0.6828888654708862
0.6859104633331299
0.6122199892997742
0.6620962023735046
0.7195720672607422
0.6630759239196777
0.5899548530578613
0.703112781047821
0.656162440776825
0.6542986035346985
0.6917043924331665
0.6925782561302185
0.7093166708946228
0.6558321118354797
0.6466636061668396
0.6931803226470947
0.6269487142562866
0.6220203638076782
0.7120487689971924
0.6216722726821899
0.7232837080955505
0.683229923248291
0.6759656667709351
0.65958571434021
0.7257177829742432
0.5884393453598022
0.6130926012992859
0.7106722593307495
0.7200421690940857
0.5469516515731812
0.6812383532524109
0.641913115978241
0.6758578419685364
0.7067123651504517
0.6334416270256042
0.6811261773109436
0.6512489914894104
0.6945632100105286
0.677752673625946
0.6886528730392456
0.5247126221656799
0.6814863085746765
0.704259991645813
0.7191284894943237
0.6980853080749512
0.7118383646011353
0.7146259546279907
0.7414722442626953
0.7336703538894653
0.559852659702301
0.6647540926933289
0.6475725173950195
0.6846015453338623
0.7006170153617859
0.68458491563797
0.6699836254119873
0.6669912934303284
0.6466830372810364
0.7290276885032654
0.7078118324279785
0.7048548460006714
0.7386835217475891
0.7469537258148193
0.6749117970466614
0.7368735671043396
0.7522707581520081
0.7371910810470581
0.7405807971954346
0.5933713912963867
0.6417408585548401
0.7428494691848755
0.6988414525985718
0.6713536977767944
0.5302706360816956
0.5796568989753723
0.6311609745025635
0.6556674242019653
0.6712355613708496
0.7071588635444641
0.5021942257881165
0.6866745948791504
0.6835148930549622
0.6352327466011047
0.6941133141517639
0.7299925088882446
0.576128363609314
0.697771430015564
0.666151762008667
0.7306239604949951
0.7104802131652832
0.6343986988067627
0.6798903346061707
0.6232268810272217
0.7161692976951599
0.6810696125030518
0.6641919016838074
0.6636043787002563
0.7655138373374939
0.6959345936775208
0.6700072288513184
0.6625196933746338
0.6947351098060608
0.6901006102561951
0.6613592505455017
0.7155070304870605
0.6936149597167969
0.6828700304031372
0.5773106813430786
0.5312272310256958
0.6891738176345825
0.6914856433868408
0.6846901774406433
0.7206558585166931
0.6497003436088562
0.5536301732063293
0.6709104776382446
