0.659405529499054
0.7093582153320312
0.6084644198417664
0.3481975495815277
0.41881319880485535
0.6006006598472595
0.48136794567108154
0.47325724363327026
0.5902352333068848
0.49140000343322754
0.6436527967453003
0.5144166946411133
0.31352075934410095
0.4728514552116394
0.5134329199790955
0.5027165412902832
0.6599867939949036
0.5915438532829285
0.5770484805107117
0.5830246210098267
0.5357716083526611
0.7125041484832764
0.5310193300247192
0.4835782051086426
0.6637508273124695
0.497048556804657
0.45622745156288147
0.34219780564308167
0.3633440136909485
0.3244694471359253
0.7177250981330872
0.5716575384140015
0.397678941488266
0.3974333703517914
0.5158734321594238
0.7269225120544434
0.5535286068916321
0.457022488117218
0.3748261034488678
0.5744227766990662
0.48058661818504333
0.5896843075752258
0.6491546034812927
0.5157962441444397
0.5111038684844971
0.4882577359676361
0.4500409662723541
0.4560813307762146
0.32552534341812134
0.6576890349388123
0.568432092666626
0.5242515206336975
0.3587532937526703
0.5252991318702698
0.4325479567050934
0.5490086078643799
0.4382854998111725
0.6081465482711792
0.47244787216186523
0.3543860614299774
0.5588688254356384
0.3898485600948334
0.5026990175247192
0.19987820088863373
0.32326358556747437
0.465920090675354
0.38511577248573303
0.531532347202301
0.7531223297119141
0.5385872721672058
0.5664801001548767
0.49493756890296936
0.41260990500450134
0.6652281880378723
0.5694826245307922
0.5766268968582153
0.6483086347579956
0.4558813273906708
0.46280911564826965
0.5149823427200317
0.525933563709259
0.40371885895729065
0.5693541169166565
0.48984387516975403
0.4984455704689026
0.46122944355010986
0.4096442759037018
0.5085874795913696
0.5043373703956604
0.49547627568244934
0.6884273290634155
0.4643588662147522
0.5140547156333923
0.4092313349246979
0.5328953266143799
0.5470553040504456
0.5447909832000732
0.6175508499145508
0.47469598054885864
0.5124061107635498
0.5640333294868469
0.31617122888565063
0.4136798679828644
0.5688093304634094
0.5920195579528809
0.5995039343833923
0.402892142534256
0.2579187750816345
0.515846312046051
0.5185339450836182
0.620171308517456
0.567143440246582
0.5468406677246094
0.3720327615737915
0.6357846856117249
0.476932168006897
0.473488450050354
0.4291767477989197
0.35332340002059937
0.4826613962650299
0.6835393905639648
0.4474276900291443
0.515578031539917
0.5836400985717773
0.4525124728679657
0.5493223071098328
0.5241780281066895
0.5135176777839661
0.48391783237457275
0.4636833965778351
0.5794872641563416
0.6999026536941528
0.4041935205459595
0.35086947679519653
0.5990171432495117
0.679894745349884
0.5613852143287659
0.38882574439048767
0.4338904619216919
0.3852840065956116
0.542927622795105
0.6341415047645569
0.2645823657512665
0.5627653002738953
0.5858697891235352
0.48016297817230225
0.5371739268302917
0.30597952008247375
0.4933319389820099
0.5182526707649231
0.5761871337890625
0.47908079624176025
0.45157745480537415
0.3157031536102295
0.5656843185424805
0.609686017036438
0.6611416935920715
0.4540490210056305
0.44403645396232605
0.5033754110336304
0.643933117389679
0.46028220653533936
0.5618547201156616
0.5987259149551392
0.5758613348007202
0.5970419645309448
0.5571336150169373
0.5205751061439514
0.3833448588848114
0.2309899628162384
0.6731680035591125
0.5186043977737427
0.5755687952041626
0.6215468049049377
0.4864462614059448
0.4659808576107025
0.5522520542144775
0.47013339400291443
0.4487096667289734
0.5292465090751648
0.28845784068107605
0.6209027171134949
0.5476852655410767
0.47985658049583435
0.4455438256263733
0.5750821828842163
0.5266886949539185
0.4617454707622528
0.5689912438392639
0.36286094784736633
0.5237241983413696
0.6021166443824768
0.7297960519790649
0.47678032517433167
0.3249562084674835
0.2826176583766937
0.42348963022232056
0.4258480966091156
0.4020457863807678
0.5912662148475647
0.5232005715370178
0.4163643419742584
0.5583905577659607
0.4936249256134033
0.6236293911933899
0.5108591318130493
0.5632367134094238
0.4715586304664612
0.5657755732536316
0.5691457986831665
0.4436911642551422
0.5926796793937683
0.7040340900421143
0.4214082360267639
0.4459470510482788
0.6279422640800476
0.37410417199134827
0.5320293307304382
0.5127174854278564
0.6856649518013
0.4517606496810913
0.5002822875976562
0.48778098821640015
0.4703054428100586
0.6947445273399353
0.5166606307029724
0.37036022543907166
0.506043016910553
0.5511882901191711
0.49609360098838806
0.4953622817993164
0.6025664210319519
0.5459167957305908
0.6379051208496094
0.4779161512851715
0.269725501537323
0.45694515109062195
0.662887692451477
0.47555598616600037
0.413178950548172
0.47013381123542786
0.48308637738227844
0.5828940272331238
0.354689359664917
0.47623154520988464
0.42153629660606384
0.42119354009628296
0.5374466180801392
0.6445231437683105
0.6393826007843018
0.6603814959526062
0.4496959447860718
0.4985067844390869
0.4827985465526581
0.4951663911342621
0.5017191767692566
0.5162277221679688
0.5038525462150574
0.3308578431606293
0.508269190788269
0.38922742009162903
0.4736851453781128
0.5975460410118103
0.4699956774711609
0.4339609444141388
0.3995347023010254
0.5460183024406433
0.6129564642906189
0.5465123057365417
0.40361645817756653
0.536155104637146
0.612143874168396
0.5208150148391724
0.45749786496162415
0.3913406729698181
0.4610004127025604
0.5392130017280579
0.5263240933418274
0.512866735458374
0.6560004353523254
0.42445847392082214
0.29837748408317566
0.3101723790168762
0.7259389758110046
0.44629356265068054
0.4562133848667145
0.5034722089767456
0.319723516702652
0.44657838344573975
0.36230987310409546
0.5675161480903625
0.42474105954170227
0.2579691410064697
0.6335275769233704
0.6247892379760742
0.6006211638450623
0.5743000507354736
0.23052094876766205
0.7148354053497314
0.5278336405754089
0.4318452775478363
0.3798592984676361
0.4833364486694336
0.632140576839447
0.5587815046310425
0.6144976019859314
0.4692968428134918
0.7043959498405457
0.41735774278640747
0.617997944355011
0.5165286064147949
0.3699730336666107
0.583489716053009
0.49628952145576477
0.619390070438385
0.3570939600467682
0.4536322057247162
