0.5769245028495789
0.5150685906410217
0.4027944505214691
0.4937858283519745
0.46297547221183777
0.38263776898384094
0.563901424407959
0.43535375595092773
0.4161241948604584
0.3888342082500458
0.5055829286575317
0.675516664981842
0.4526863992214203
0.4693978726863861
0.42858436703681946
0.5671128034591675
0.6013279557228088
0.6955280900001526
0.5425336360931396
0.27544158697128296
0.4389265179634094
0.5134602785110474
0.589836597442627
0.6861384510993958
0.4697362184524536
0.4203336834907532
0.5921529531478882
0.4755958616733551
0.47221899032592773
0.6661421656608582
0.3427412211894989
0.4756316542625427
0.575316309928894
0.6397789120674133
0.5829415917396545
0.4017384946346283
0.6676300168037415
0.41782382130622864
0.5269486904144287
0.5515940189361572
0.6342334151268005
0.49445754289627075
0.2985319197177887
0.6550573706626892
0.6986486315727234
0.5256974101066589
0.555881679058075
0.6052237153053284
0.58026123046875
0.748110830783844
0.48296788334846497
0.716022253036499
0.46668919920921326
0.6752604246139526
0.5009691715240479
0.5107487440109253
0.5962092280387878
0.47494202852249146
0.6487680077552795
0.49432748556137085
0.5508344769477844
0.2967280149459839
0.5155324339866638
0.551461935043335
0.535277247428894
0.4626327455043793
0.43822556734085083
0.528117835521698
0.4753313660621643
0.49536046385765076
0.6227239370346069
0.4993235766887665
0.37805861234664917
0.7292839288711548
0.4697690010070801
0.49209707975387573
0.37984389066696167
0.4273262619972229
0.5776336789131165
0.4324994385242462
0.48051685094833374
0.5341832041740417
0.5071509480476379
0.49439218640327454
0.4243839681148529
0.5147154331207275
0.5703600645065308
0.47328659892082214
0.479186475276947
0.5196439623832703
0.5216869711875916
0.4639130234718323
0.37867724895477295
0.28279662132263184
0.5829294919967651
0.5091279745101929
0.5132006406784058
0.5943211913108826
0.5031678676605225
0.48501184582710266
0.40040192008018494
0.4944624602794647
0.5132589340209961
0.49219754338264465
0.5939465761184692
0.5682956576347351
0.8203969597816467
0.5806304812431335
0.32796111702919006
0.4873510003089905
0.35997340083122253
0.3677496910095215
0.5509175658226013
0.6021984815597534
0.5927419662475586
0.6100566387176514
0.5151897072792053
0.4906872808933258
0.5294575691223145
0.29599815607070923
0.716418981552124
0.5788004398345947
0.5827367901802063
0.7269626259803772
0.4162479341030121
0.37476879358291626
0.5511127710342407
0.3900708258152008
0.4735179543495178
0.5078223943710327
0.6872819662094116
0.31988415122032166
0.5480400323867798
0.6035085916519165
0.5095948576927185
0.4969344437122345
0.1966066062450409
0.6268128156661987
0.536470353603363
0.3584056496620178
0.4376824200153351
0.5128318667411804
0.4842144250869751
0.5862829685211182
0.5089689493179321
0.4794812500476837
0.2348586469888687
0.4267503619194031
0.3314270079135895
0.40984123945236206
0.444256454706192
0.34043532609939575
0.40711474418640137
0.40033408999443054
0.5274673700332642
0.6119169592857361
0.48235517740249634
0.7398290038108826
0.4417785108089447
0.6130330562591553
0.399238646030426
0.6187338829040527
0.5240220427513123
0.42096877098083496
0.4998032748699188
0.7188792824745178
0.536292314529419
0.4592152535915375
0.6325398683547974
0.62017422914505
0.40627551078796387
0.27157121896743774
0.5546754598617554
0.5169810652732849
0.3304682672023773
0.573563277721405
0.39387890696525574
0.2868953347206116
0.3953087627887726
0.5650905966758728
0.4290814995765686
0.6336488127708435
0.5043430328369141
0.41814517974853516
0.42023175954818726
0.5769561529159546
0.5212283730506897
0.5613410472869873
0.30758312344551086
0.4914957284927368
0.4922073781490326
0.46598294377326965
0.40559202432632446
0.49216893315315247
0.48838886618614197
0.337675541639328
0.567490816116333
0.6766152381896973
0.5045185685157776
0.6292010545730591
0.5244303941726685
0.2720789909362793
0.4998595714569092
0.5183042883872986
0.5562385320663452
0.55571049451828
0.39831480383872986
0.41685205698013306
0.4691292345523834
0.43559786677360535
0.2716905474662781
0.5423700213432312
0.47861191630363464
0.29622092843055725
0.5015497803688049
0.6761624813079834
0.401907742023468
0.6148116588592529
0.5694454908370972
0.5054309368133545
0.5788509249687195
0.49395549297332764
0.38619810342788696
0.4232807755470276
0.44721129536628723
0.43693721294403076
0.6233506798744202
0.3362698256969452
0.5247026681900024
0.597328245639801
0.45380550622940063
0.6806477904319763
0.48467063903808594
0.735283374786377
0.7396110892295837
0.4192032814025879
0.46316200494766235
0.7362822890281677
0.5821470618247986
0.652475118637085
0.3187837600708008
0.25683844089508057
0.6142622828483582
0.6054860949516296
0.44276466965675354
0.4523048996925354
0.28866809606552124
0.5148642063140869
0.5474804639816284
0.4429391622543335
0.5598436594009399
0.4903901219367981
0.5180115699768066
0.3867999315261841
0.47862687706947327
0.20765960216522217
0.48770689964294434
0.3944132626056671
0.5758070349693298
0.3939654231071472
0.6390380263328552
0.515084445476532
0.403652548789978
0.5048672556877136
0.46601399779319763
0.4405784010887146
0.6721227169036865
0.35866808891296387
0.4607336223125458
0.29314520955085754
0.6424461007118225
0.6400401592254639
0.6827313303947449
0.5475504994392395
0.3950912654399872
0.3918619155883789
0.46008047461509705
0.5031351447105408
0.48161983489990234
0.5698948502540588
0.5798042416572571
0.5153843760490417
0.6086262464523315
0.4959506094455719
0.40902918577194214
0.525462806224823
0.483487069606781
0.5967414975166321
0.42556342482566833
0.6196566224098206
0.6263543963432312
0.4686056971549988
0.6112654209136963
0.5063794851303101
0.5397961735725403
0.45423445105552673
0.4599219858646393
0.41483616828918457
0.23712429404258728
0.3242642283439636
0.3052217662334442
0.31208887696266174
0.3105216920375824
0.5157287120819092
0.397346168756485
0.48542261123657227
0.4267463684082031
0.5788338780403137
0.6049283742904663
0.44040390849113464
0.3962825536727905
0.29209911823272705
0.24301524460315704
0.29357433319091797
0.3392731845378876
0.6565471291542053
0.686797022819519
0.35555708408355713
0.4856192469596863
0.5953591465950012
0.469607949256897
0.65265291929245
0.3905567228794098
0.5653029084205627
0.5019858479499817
0.2673480212688446
0.34446972608566284
0.5902686715126038
0.41994038224220276
0.733737587928772
0.39051350951194763
0.5740200281143188
0.36037516593933105
0.45424649119377136
0.7714381814002991
0.41754284501075745
0.4770735204219818
0.5471290946006775
0.5933427214622498
0.4768748879432678
0.698547899723053
0.627403199672699
0.3325367867946625
0.35236987471580505
0.452077180147171
0.3547857403755188
0.7478517293930054
0.510469913482666
0.42883628606796265
0.523551881313324
0.4038139581680298
0.6254556179046631
0.32823067903518677
0.2984811067581177
0.35011497139930725
0.506817102432251
0.7066169381141663
0.3581022322177887
0.7098190784454346
0.6155941486358643
0.3978930115699768
0.44588902592658997
0.45151734352111816
0.49467942118644714
0.4186634421348572
0.4595200717449188
0.670209527015686
0.5310088396072388
0.6982947587966919
0.7097538709640503
0.43553394079208374
0.713807225227356
0.5791200399398804
0.5447152853012085
0.5204225182533264
0.42938852310180664
0.4243711233139038
0.24083726108074188
0.49094974994659424
0.5237367749214172
0.5645780563354492
0.5538526773452759
0.4378560483455658
0.26771923899650574
0.5175111889839172
0.5069637298583984
0.5065386891365051
0.44474855065345764
0.5766021609306335
0.44181832671165466
0.6635007858276367
0.4113316535949707
0.6190648078918457
0.4094373881816864
0.6982351541519165
0.6660051345825195
0.5304922461509705
0.4153890907764435
0.6560465097427368
0.5210451483726501
0.4582802355289459
0.5885484218597412
0.5133152008056641
0.4580916166305542
0.7338792681694031
0.7168817520141602
0.43495887517929077
0.6706293225288391
0.668712854385376
0.558692216873169
0.5934309959411621
0.6788732409477234
0.3756311237812042
0.502647876739502
0.5394319295883179
0.690401554107666
0.7151815295219421
0.6262391209602356
0.3960244357585907
0.41097569465637207
0.5806891918182373
0.6214504837989807
0.5507365465164185
0.5480805039405823
0.6147795915603638
0.6713582277297974
0.5176224708557129
0.6068217754364014
0.6986914873123169
0.5410816073417664
0.625914990901947
0.8679586052894592
0.35974907875061035
0.7276238203048706
0.34634852409362793
0.4678184986114502
0.3763881325721741
0.5234033465385437
0.6236609816551208
0.43658873438835144
0.5087705850601196
0.48809462785720825
0.5641584396362305
0.3957357406616211
0.5109052658081055
0.5653523206710815
0.4740959107875824
0.36300724744796753
0.444386750459671
0.4885377287864685
0.6812969446182251
0.45687296986579895
0.6710444092750549
0.6200823783874512
0.5830554962158203
0.32278257608413696
0.4982036352157593
0.30206039547920227
0.454073041677475
0.38431209325790405
0.5512517690658569
0.556459367275238
0.37882736325263977
0.5584893226623535
0.46288803219795227
0.35276928544044495
0.4339043200016022
0.54635089635849
0.49995121359825134
0.5627431273460388
0.4891766607761383
0.5709049701690674
0.4659670293331146
0.4903472661972046
0.40918561816215515
0.5444105267524719
0.5890107750892639
0.4114557206630707
0.3822707533836365
0.3628367483615875
0.5239084959030151
0.3872026801109314
0.3768731653690338
0.48450517654418945
0.4118678867816925
0.4694969952106476
0.5685206055641174
0.4575687348842621
0.5232110619544983
0.3468426465988159
0.7037517428398132
0.6200345754623413
0.30567529797554016
0.4629831612110138
0.573542058467865
0.5316045880317688
0.3734409511089325
0.5193800926208496
0.6391785144805908
0.5561237931251526
0.44004732370376587
0.3760587275028229
0.4369240403175354
0.7333868741989136
0.39593932032585144
0.3146860599517822
0.47609034180641174
0.47838518023490906
0.4524996280670166
0.4428166151046753
0.47800546884536743
0.4100891947746277
0.3830670714378357
0.5352281928062439
0.6651131510734558
0.5948402881622314
0.4967478811740875
0.3719610869884491
0.3870297372341156
0.5954341888427734
0.5542351007461548
0.46350935101509094
0.5446569323539734
0.4944288432598114
0.39460429549217224
0.37332603335380554
0.5006732940673828
0.6465098857879639
0.6342031955718994
0.5860705971717834
0.47006943821907043
0.3620549440383911
0.6120965480804443
0.4862858057022095
0.5104500651359558
0.4734295606613159
0.5603165030479431
0.6463059782981873
0.4164515435695648
0.5993808507919312
0.3899068534374237
0.4464787542819977
0.38374045491218567
0.5255851149559021
0.6093260645866394
0.41804641485214233
0.48690953850746155
0.5812658667564392
0.6911445260047913
0.41964051127433777
0.6116886138916016
0.3031366169452667
0.3562609553337097
0.5439327955245972
0.5346739292144775
0.40234944224357605
0.6918641328811646
0.399529367685318
0.7328014373779297
0.5017282366752625
0.5738133192062378
0.2603262960910797
0.3660551905632019
0.5230417847633362
0.5404406785964966
0.49012458324432373
0.4550994336605072
0.28379419445991516
0.37627676129341125
0.5864832997322083
0.702795147895813
0.42441728711128235
0.4209543466567993
0.5497212409973145
0.17728191614151
0.5384035110473633
0.6169750094413757
0.7947308421134949
0.6078649759292603
0.5210860371589661
0.5659052729606628
0.4114757180213928
0.48627156019210815
0.6001490354537964
0.4321751296520233
0.469355046749115
0.5683013200759888
0.4337422251701355
0.3995772898197174
0.6747338771820068
0.5069774389266968
0.3979528248310089
0.5732265710830688
0.5048992037773132
0.5721045136451721
0.6968973875045776
0.49365365505218506
0.6513046026229858
0.7897093892097473
0.3993392884731293
0.44193562865257263
0.4002872407436371
0.6697433590888977
0.593351423740387
0.32927414774894714
0.5964670181274414
0.4396876394748688
0.6850795745849609
0.4442424774169922
0.5692412257194519
0.3459194600582123
0.4815841615200043
0.7439444065093994
0.622380256652832
0.29689598083496094
0.6275961399078369
0.5951398611068726
0.5003241896629333
0.49965208768844604
0.5849449038505554
0.4717942774295807
0.5378437638282776
0.5019535422325134
0.25018325448036194
0.4155588746070862
0.4448467493057251
0.27053990960121155
0.7658458352088928
0.5654821991920471
0.4778503179550171
0.45679011940956116
0.37043800950050354
0.49200862646102905
0.5679610967636108
0.30406466126441956
0.7450017333030701
0.48263221979141235
0.42506295442581177
0.5311910510063171
0.5455572009086609
0.5253779888153076
0.5750218629837036
0.4772919714450836
0.745582640171051
0.6050920486450195
0.6348417401313782
0.6050226092338562
0.3628067374229431
0.3359815180301666
0.53310626745224
0.7565808892250061
0.5201963782310486
0.6475823521614075
0.5317704677581787
0.49721935391426086
0.5699661374092102
0.3328472077846527
0.5027890205383301
0.4266544580459595
0.4391358196735382
0.5620421767234802
0.5972996950149536
0.3388693034648895
0.4490841329097748
0.50123530626297
0.33702751994132996
0.40018507838249207
0.4870835244655609
0.309022456407547
0.33413559198379517
0.43719321489334106
0.5709915161132812
0.3671032786369324
0.46134960651397705
0.5193353295326233
0.4164701998233795
0.4018862843513489
0.48989152908325195
0.37359482049942017
0.366497665643692
0.448371559381485
0.39589723944664
0.39955148100852966
0.4020902216434479
0.42860156297683716
0.5270381569862366
0.37077146768569946
0.5078008770942688
0.40764757990837097
0.5244932770729065
0.44041189551353455
0.4605066776275635
0.4523889422416687
0.558312177658081
0.7926487922668457
0.451153039932251
0.6290475130081177
0.4846395254135132
0.3568388819694519
0.5811655521392822
0.5883906483650208
0.5200273394584656
0.4889870584011078
0.37065136432647705
0.44190195202827454
0.5468618869781494
0.6633812785148621
0.21317808330059052
0.4125214219093323
0.35270583629608154
0.3770008683204651
0.5098989009857178
0.5142397284507751
0.4367240369319916
0.5829383730888367
0.4478503465652466
0.44346755743026733
0.483144611120224
0.4452607035636902
0.5674052834510803
0.672520101070404
0.4204666316509247
0.36448991298675537
0.5322058200836182
0.40565115213394165
0.5456782579421997
0.4021023213863373
0.6285814642906189
0.505975604057312
0.6311951875686646
0.30221471190452576
0.5121541023254395
0.5552951693534851
0.5643475651741028
0.690439760684967
0.5669119358062744
0.45987194776535034
0.5002194046974182
0.5155240297317505
0.6451451778411865
0.6129441261291504
0.48452696204185486
0.5798301696777344
0.4059734046459198
0.5052939057350159
0.6030635833740234
0.5781871676445007
0.5485571026802063
0.5255981087684631
0.37703314423561096
0.6641009449958801
0.35122907161712646
0.6149580478668213
0.30000773072242737
0.4204563796520233
0.5580205917358398
0.23581859469413757
0.4386478662490845
0.5014001727104187
0.6698495745658875
0.34258922934532166
0.590316116809845
0.4770941436290741
0.24230064451694489
0.4744451642036438
0.50823974609375
0.522434413433075
0.48805347084999084
0.42197054624557495
0.421659380197525
0.36827898025512695
0.26238685846328735
0.5352557897567749
0.406747043132782
0.3192555904388428
0.6717381477355957
0.6658198237419128
0.34264302253723145
0.5885644555091858
0.5818785429000854
0.6632868051528931
0.3352707624435425
0.6482959389686584
0.6623095870018005
0.5047729015350342
0.6552721261978149
0.5251633524894714
0.3956480324268341
0.6044588685035706
0.4460804760456085
0.61072838306427
0.3802928626537323
0.3623182773590088
0.5324247479438782
0.5500965118408203
0.37338361144065857
0.6102544665336609
0.371053546667099
0.44409292936325073
0.4554000198841095
0.44304904341697693
0.5591897368431091
0.5118876695632935
0.6828331351280212
0.7387281060218811
0.5482063293457031
0.30391213297843933
0.37142205238342285
0.43270111083984375
0.47352758049964905
0.43211761116981506
0.41296935081481934
0.5241490006446838
0.5972733497619629
0.5440447926521301
0.4324609637260437
0.31434357166290283
0.38937756419181824
0.42387890815734863
0.29647430777549744
0.44251760840415955
0.42493683099746704
0.661598265171051
0.38245993852615356
0.4186476469039917
0.5136367082595825
0.35927802324295044
0.2684239447116852
0.40752673149108887
0.32753512263298035
0.48438405990600586
0.2709844410419464
0.3726549744606018
0.40983647108078003
0.32635611295700073
0.5251497626304626
0.6738930940628052
0.642295777797699
0.5277209877967834
0.7425441741943359
0.3586030602455139
0.6298945546150208
0.6184840202331543
0.30239927768707275
0.46625185012817383
0.5323116183280945
0.5911465883255005
0.3184449374675751
0.40743476152420044
0.3689815402030945
0.5640358924865723
0.6375803351402283
0.38243743777275085
0.5678726434707642
0.424066424369812
0.18382108211517334
0.46309125423431396
0.332015722990036
0.5146299004554749
0.342079758644104
0.26255589723587036
0.595018208026886
0.4675271213054657
0.5641651749610901
0.5348300933837891
0.4038141965866089
0.47645312547683716
0.46203163266181946
0.6415103673934937
0.5239630937576294
0.5783054828643799
0.47403472661972046
0.29502642154693604
0.30054908990859985
0.6375076174736023
0.43717458844184875
0.3913041055202484
0.6314746737480164
0.4058283269405365
0.5696094632148743
0.3459060490131378
0.5876811742782593
0.31619709730148315
0.7885337471961975
0.49126631021499634
0.7628872394561768
0.38470903038978577
0.5952491164207458
0.4589570164680481
0.5202683806419373
0.42702287435531616
0.3931201994419098
0.4645683169364929
0.5561352372169495
0.5000624656677246
0.5339751839637756
0.6526562571525574
0.7467133402824402
0.47260478138923645
0.45049071311950684
0.6694180369377136
0.48247087001800537
0.5878375768661499
0.5924913287162781
0.586722731590271
0.5791788697242737
0.3076745867729187
0.4406904876232147
0.5161070823669434
0.3114120066165924
0.3440285921096802
0.2963314950466156
0.4226137399673462
0.3921157121658325
0.5804448127746582
0.5716075301170349
0.5224941372871399
0.45666301250457764
0.47227582335472107
0.5854960680007935
0.41909462213516235
0.5009118318557739
0.629100501537323
0.4673350751399994
0.46818411350250244
0.5388171672821045
0.4699372351169586
0.63954097032547
0.46175575256347656
0.4475060999393463
0.3886387348175049
0.455795019865036
0.5387898683547974
0.46333375573158264
