0.6188784837722778
0.31568488478660583
0.3243650794029236
0.7385576367378235
0.3661179542541504
0.3871956467628479
0.5049083828926086
0.40117695927619934
0.5849347114562988
0.27462491393089294
0.546082079410553
0.4281153380870819
0.5937297940254211
0.5301217436790466
0.5421618819236755
0.3848712742328644
0.4455377459526062
0.40894755721092224
0.5873667001724243
0.38993117213249207
0.2797497510910034
0.45586875081062317
0.5987853407859802
0.4307229816913605
0.4788777232170105
0.7140837907791138
0.3822101056575775
0.48182621598243713
0.6293940544128418
0.47786569595336914
0.4615297019481659
0.41741612553596497
0.42419666051864624
0.39136573672294617
0.3824840486049652
0.5488288402557373
0.6374198198318481
0.40376248955726624
0.3917287290096283
0.4273214638233185
0.34280768036842346
0.3707562983036041
0.6703554391860962
0.5106974840164185
0.6209379434585571
0.5042499899864197
0.5858136415481567
0.49128618836402893
0.5215741991996765
0.5096830129623413
0.5336571335792542
0.31617993116378784
0.7108562588691711
0.49176180362701416
0.4482184946537018
0.3703785836696625
0.50831139087677
0.497775137424469
0.4618038237094879
0.4092354476451874
0.707054078578949
0.4693572223186493
0.4240925908088684
0.41240549087524414
0.5318725109100342
0.46123751997947693
0.7239744663238525
0.5657819509506226
0.5777303576469421
0.38633716106414795
0.35439592599868774
0.24765202403068542
0.3396570086479187
0.5278162360191345
0.5183361172676086
0.4631509780883789
0.7268057465553284
0.7002639770507812
0.6143687963485718
0.42752766609191895
0.5305656790733337
0.46004214882850647
0.44264423847198486
0.5769155621528625
0.5284362435340881
0.6830713152885437
0.5664321780204773
0.3738556504249573
0.48890653252601624
0.5890371799468994
0.4429300129413605
0.5412953495979309
0.4668784439563751
0.6028300523757935
0.7127376794815063
0.32199740409851074
0.48356619477272034
0.4221803843975067
0.5747412443161011
0.37564781308174133
0.5776706337928772
0.5503034591674805
0.5240566730499268
0.6458888649940491
0.6179239749908447
0.5260766744613647
0.45352059602737427
0.6200159192085266
0.541972279548645
0.6612069010734558
0.49208933115005493
0.5639210939407349
0.5226535201072693
0.4874110519886017
0.6720796227455139
0.43029919266700745
0.29726526141166687
0.4580652117729187
0.7244199514389038
0.3659226894378662
0.7952739596366882
0.5961573719978333
0.5481624603271484
0.4761846363544464
0.49995502829551697
0.5751090049743652
0.42928916215896606
0.27104508876800537
0.40265512466430664
0.6097633242607117
0.3591415584087372
0.6754959225654602
0.5767224431037903
0.4527893662452698
0.37662383913993835
0.5899222493171692
0.3537997603416443
0.39858943223953247
0.5410431027412415
0.5499070882797241
0.5440054535865784
0.3670289218425751
0.44759097695350647
0.5585141777992249
0.7774887681007385
0.4382716417312622
0.3950386345386505
0.4071654677391052
0.680595338344574
0.675127387046814
0.4145351052284241
0.3977961242198944
0.39736875891685486
0.4192040264606476
0.38825130462646484
0.5250653028488159
0.5585895776748657
0.40513432025909424
0.35907480120658875
0.6286754012107849
0.5011501312255859
0.6729583740234375
0.3045630156993866
0.6879603266716003
0.4911784529685974
0.4311656653881073
0.43251413106918335
0.5808454155921936
0.5734691619873047
0.5756387710571289
0.459882527589798
0.5569661259651184
0.4963572323322296
0.6178070306777954
0.6994938254356384
0.5189197659492493
0.3131813406944275
0.5105544328689575
0.6194313168525696
0.5430096387863159
0.5544952154159546
0.6603647470474243
0.5691277384757996
0.3964221477508545
0.3401778042316437
0.6224690079689026
0.48736995458602905
0.36545243859291077
0.49966976046562195
0.5073413848876953
0.6037406921386719
0.43236103653907776
0.5604214072227478
0.6617482304573059
0.5335162878036499
0.47013580799102783
0.3111543655395508
0.37386956810951233
0.3289189040660858
0.47893592715263367
0.6070235371589661
0.5536494851112366
0.6318746209144592
0.390900582075119
0.5519784092903137
0.5671607255935669
0.4908681809902191
0.5280542969703674
0.4846602976322174
0.5005220174789429
0.3851929008960724
0.48190656304359436
0.38493630290031433
0.33012643456459045
0.26489555835723877
0.6774745583534241
0.7174606919288635
0.4358937740325928
0.34438857436180115
0.5251289010047913
0.4472518563270569
0.4889982342720032
0.37994641065597534
0.40666815638542175
0.3836459517478943
0.6443456411361694
0.5500568747520447
0.4354116916656494
0.3511744439601898
0.4365220069885254
0.7638223171234131
0.6174821257591248
0.34082457423210144
0.5432267785072327
0.6568402051925659
0.44796067476272583
0.522284209728241
0.4835139513015747
0.5433600544929504
0.6965638399124146
0.5090506672859192
0.5933682322502136
0.27740445733070374
0.55242919921875
0.431343138217926
0.2950078845024109
0.45388761162757874
0.4506344497203827
0.5389187335968018
0.5322514176368713
0.565085232257843
0.5403100848197937
0.47398465871810913
0.5305951237678528
0.5441572666168213
0.5830659866333008
0.3581281006336212
0.5344606041908264
0.19077999889850616
0.5487728118896484
0.494771808385849
0.4351694583892822
0.2273186892271042
0.4813612103462219
0.47016802430152893
0.7580442428588867
0.4202982783317566
0.30360186100006104
0.3260735273361206
0.5804697871208191
0.6837541460990906
0.5555177330970764
0.49154892563819885
0.46310028433799744
0.4308629333972931
0.6254355311393738
0.3574990928173065
0.39068403840065
0.7379124760627747
0.6006201505661011
0.5701444149017334
0.46965837478637695
0.48861753940582275
0.4443686902523041
0.47818559408187866
0.4298291802406311
0.4799792468547821
0.6261625289916992
0.524307906627655
0.452354371547699
0.33360984921455383
0.39400187134742737
0.44981279969215393
0.4566078782081604
0.5043789744377136
0.5689360499382019
0.47868767380714417
0.4500506520271301
0.6889610886573792
0.5671977996826172
0.5092853903770447
0.4856886565685272
0.42140522599220276
0.38385650515556335
0.22700226306915283
0.4252443015575409
0.5069810748100281
0.4364950656890869
0.5856261849403381
0.7283101677894592
0.3717797100543976
0.434848427772522
0.5886118412017822
0.271609365940094
0.503592848777771
0.6124157309532166
0.42157837748527527
0.5962615609169006
0.48970457911491394
0.4807793200016022
0.5159839987754822
0.5046120882034302
0.512093186378479
0.48349812626838684
0.47773000597953796
0.32817012071609497
0.4252563714981079
0.5466511845588684
0.7585040330886841
0.3916868567466736
0.5305365920066833
0.558014452457428
0.40318968892097473
0.5269755721092224
0.5101675987243652
0.7424709796905518
0.5424044728279114
0.39938151836395264
0.4165897071361542
0.4545837938785553
0.5212615132331848
0.6783528923988342
0.5478137135505676
0.6885422468185425
0.46711525321006775
0.6199370622634888
0.3795020878314972
0.4746691882610321
0.5265942811965942
0.33332934975624084
0.4770863652229309
0.4412117600440979
0.4237726330757141
0.463049054145813
0.5799374580383301
0.4010409414768219
0.5101782083511353
0.6648917198181152
0.35165515542030334
0.44585660099983215
0.4706897735595703
0.566284716129303
0.311752051115036
0.452294260263443
0.5253390669822693
0.43918442726135254
0.5814398527145386
0.4181687831878662
0.4768904447555542
0.6169055104255676
0.30607643723487854
0.241918683052063
0.5012956857681274
0.5384383201599121
0.6096335649490356
0.42740920186042786
0.5064834952354431
0.5234966278076172
0.5233729481697083
0.5822566747665405
0.3376847207546234
0.5957441926002502
0.5702959895133972
0.43283623456954956
0.4940049350261688
0.5639148950576782
0.38422849774360657
0.3799879550933838
0.5435312986373901
0.36434391140937805
0.6838330030441284
0.41748395562171936
0.31176406145095825
0.5966656804084778
0.3946472704410553
0.6296714544296265
0.49959975481033325
0.44893619418144226
0.48734381794929504
0.4289398491382599
0.43702229857444763
0.4468863308429718
0.5800787210464478
0.5389341711997986
0.5226922631263733
0.5852095484733582
0.4587998688220978
0.5909205079078674
0.5954364538192749
0.4122011363506317
0.5440968871116638
0.3727174401283264
0.5470271706581116
0.4597776234149933
0.5356050729751587
0.40853092074394226
0.615432858467102
0.5166324973106384
0.5066492557525635
0.5508511066436768
0.3456471264362335
