0.2992165982723236
0.29065778851509094
0.27837464213371277
0.4913192689418793
0.4472857713699341
0.32033851742744446
0.48401007056236267
0.4863978624343872
0.3602723777294159
0.31618767976760864
0.47925081849098206
0.3976529538631439
0.39547818899154663
0.3641822934150696
0.44979289174079895
0.3177177906036377
0.39745032787323
0.43825653195381165
0.3681621551513672
0.4689694046974182
0.4788134694099426
0.4636032283306122
0.3905965983867645
0.3806113302707672
0.46322527527809143
0.37111973762512207
0.47770777344703674
0.40857797861099243
0.39273831248283386
0.4611300528049469
0.3285725712776184
0.3563081622123718
0.351548969745636
0.4166147708892822
0.3165079951286316
0.44069498777389526
0.4981570243835449
0.3324752151966095
0.42956557869911194
0.3858070969581604
0.4170146882534027
0.24364207684993744
0.4366517961025238
0.3748242259025574
0.37516331672668457
0.46838143467903137
0.42329874634742737
0.40330424904823303
0.47707733511924744
0.4354609251022339
0.3961542248725891
0.307747483253479
0.3946416974067688
0.4347116947174072
0.3620525598526001
0.30944740772247314
0.38865506649017334
0.3286394476890564
0.4271383285522461
0.3861774206161499
0.36912956833839417
0.3078800439834595
0.4772498309612274
0.4559445381164551
0.39478811621665955
0.4625217318534851
0.40614378452301025
0.34819623827934265
0.47138938307762146
0.38692882657051086
0.37549999356269836
0.3825291097164154
0.34444499015808105
0.38159817457199097
0.4883691370487213
0.4651801288127899
0.4408911466598511
0.47378090023994446
0.4294382333755493
0.4938006103038788
0.431864470243454
0.3750784397125244
0.29661837220191956
0.31161102652549744
0.3784836530685425
0.47575756907463074
0.4459807574748993
0.39580976963043213
0.49051669239997864
0.4826887845993042
0.44021251797676086
0.29558345675468445
0.41966530680656433
0.39007553458213806
0.4504252076148987
0.469030499458313
0.46575891971588135
0.3695424497127533
0.4564502537250519
0.41726434230804443
0.23744691908359528
0.37587347626686096
0.3530907928943634
0.4424894154071808
0.4275757372379303
0.3568435311317444
0.43100839853286743
0.40145647525787354
0.24956826865673065
0.40818729996681213
0.2253042459487915
0.4672154188156128
0.4535031318664551
0.4827917218208313
0.3445236384868622
0.3554883599281311
0.4876066744327545
0.34282657504081726
0.47949373722076416
0.36436909437179565
0.38036930561065674
0.30505555868148804
0.49318599700927734
0.4252176284790039
0.4394475519657135
0.44184190034866333
0.4858890175819397
0.40545937418937683
0.4990161657333374
0.4300541281700134
0.47069141268730164
0.43938174843788147
0.4970141649246216
0.42710840702056885
0.4573475420475006
0.4183194637298584
0.3799215257167816
0.40832075476646423
0.37708088755607605
0.472022145986557
0.45419660210609436
0.3389095366001129
0.3628501892089844
0.3557771146297455
0.40864649415016174
0.35959190130233765
0.3249022960662842
0.4340531826019287
0.3395393192768097
0.3690401017665863
0.28495755791664124
0.33659058809280396
0.37656259536743164
0.498369425535202
0.4465501606464386
0.48501160740852356
0.4082804024219513
0.4100520610809326
0.4989982545375824
0.48157909512519836
0.45411616563796997
0.4467011094093323
0.45202821493148804
0.48180973529815674
0.3730431795120239
0.38826417922973633
0.41545891761779785
0.4426267743110657
0.43340545892715454
0.46840041875839233
0.29167598485946655
0.36025628447532654
0.4662022590637207
0.49485573172569275
0.4140762388706207
0.428002268075943
0.2583051919937134
0.35303834080696106
0.4888628125190735
0.49938029050827026
0.4580743908882141
0.36477768421173096
0.46254685521125793
0.30610454082489014
0.47941920161247253
0.4849781095981598
0.38391798734664917
0.45060795545578003
0.4534377157688141
0.3530648350715637
0.47811830043792725
0.27341312170028687
0.469656765460968
0.29563865065574646
0.496173232793808
0.3827098309993744
0.4866531789302826
0.48174238204956055
0.3093245029449463
0.3092549741268158
0.4763321876525879
0.4736689329147339
0.491580992937088
0.46152061223983765
0.4252122640609741
0.41935184597969055
0.43930697441101074
0.4913773238658905
0.49338141083717346
0.4558861553668976
0.38631734251976013
0.23928774893283844
0.3213787376880646
0.40021586418151855
0.3500575125217438
0.45498204231262207
0.34468889236450195
0.3169421851634979
0.35671865940093994
0.43489986658096313
0.48011136054992676
0.48379868268966675
0.38137295842170715
0.352090984582901
0.4711848497390747
0.4191340208053589
0.2825182378292084
0.4159308969974518
0.40669283270835876
0.4834412932395935
0.295796275138855
0.4957861602306366
0.4533827006816864
0.4964769184589386
0.47645121812820435
0.4294247627258301
0.47435811161994934
0.4057052433490753
0.49999135732650757
0.35596442222595215
0.4363403618335724
0.3345222771167755
0.3354208767414093
0.37610724568367004
0.35008296370506287
0.3756393790245056
0.3259575068950653
0.49944669008255005
0.46226415038108826
0.41853371262550354
0.37421727180480957
0.48622116446495056
0.48451733589172363
0.3214144706726074
0.4506942629814148
0.394917368888855
0.47960609197616577
0.35677558183670044
0.27684879302978516
0.3167796730995178
0.4594498872756958
0.3310975730419159
0.34952330589294434
0.41232573986053467
0.44068291783332825
0.44506046175956726
0.3714728057384491
0.4580974280834198
0.36419394612312317
0.4229946434497833
0.3508371114730835
0.4417757987976074
0.4368763267993927
0.3510926365852356
0.326999694108963
0.4901203513145447
0.3352152705192566
0.3614809811115265
0.45916953682899475
0.39742234349250793
0.4386562705039978
0.4037832021713257
0.29088908433914185
0.35928598046302795
0.4200104773044586
0.4368212819099426
0.43160101771354675
0.41096231341362
0.45148563385009766
0.37885206937789917
0.3131208121776581
0.4841694235801697
0.44241005182266235
0.4928060472011566
0.47274455428123474
0.3947458267211914
0.4327799677848816
0.4968290627002716
0.3410358726978302
0.37907055020332336
0.48992618918418884
0.42103663086891174
0.4176727533340454
0.4604871869087219
0.4952646493911743
0.4677210748195648
0.47124192118644714
0.4624651074409485
0.493317186832428
0.4640601575374603
0.4475864768028259
0.35879650712013245
0.36874493956565857
0.37733668088912964
0.4509406089782715
0.4208972454071045
0.3301636278629303
0.4698362946510315
0.3189035952091217
0.48849520087242126
0.4991503953933716
0.3497449457645416
0.4218549430370331
0.4138462543487549
0.41266682744026184
0.435359388589859
0.3590850830078125
0.3815222978591919
0.4321124255657196
0.4750515818595886
0.3771686851978302
0.34831878542900085
0.4148658812046051
0.3758316934108734
0.4607847034931183
0.3773372173309326
0.3310922086238861
0.4408743977546692
0.3860075771808624
0.4836004078388214
0.22458386421203613
0.41308489441871643
0.42868149280548096
0.3964574337005615
0.34267309308052063
0.4722205698490143
0.43270063400268555
0.33677807450294495
0.2892613112926483
0.43202000856399536
0.3217775523662567
0.4994260370731354
0.4542543292045593
0.48881587386131287
0.36517688632011414
0.4314338266849518
0.433569073677063
0.4868433475494385
0.48436716198921204
0.49339625239372253
0.3952043056488037
0.3800164461135864
0.4579078257083893
0.382771760225296
0.4735749661922455
0.4204941391944885
0.479470819234848
0.39402151107788086
0.48881569504737854
0.44400468468666077
0.4318000078201294
0.4812299609184265
0.4880127012729645
0.40781456232070923
0.4611643850803375
0.35977795720100403
0.2716556191444397
0.44079938530921936
0.48826661705970764
0.33872371912002563
0.4056505560874939
0.41209569573402405
0.4709213972091675
0.3667604923248291
0.3704312741756439
0.392264723777771
0.2686421275138855
0.2881543040275574
0.3308763802051544
0.4168693721294403
0.4642494022846222
0.4566911458969116
0.44929173588752747
0.4671414792537689
0.4550012946128845
0.38202059268951416
0.4559955596923828
0.43059203028678894
0.41470837593078613
0.49727195501327515
0.4508243203163147
0.44428637623786926
0.4272688627243042
0.48113077878952026
0.30769410729408264
0.4134492576122284
0.332185834646225
0.44433829188346863
0.40330827236175537
0.443787544965744
0.30246642231941223
0.4008098542690277
0.4655960202217102
0.40987110137939453
0.4762253165245056
0.49862226843833923
0.4976617395877838
0.470075786113739
0.44546082615852356
0.48812031745910645
0.37131956219673157
0.48166805505752563
0.296737402677536
0.44313353300094604
0.34453877806663513
0.3822801113128662
0.37598004937171936
0.4078423082828522
0.4125916063785553
0.44598066806793213
0.3716683089733124
0.42983368039131165
0.49188533425331116
0.27990207076072693
0.42320215702056885
0.4041368067264557
0.39951637387275696
0.2592335045337677
0.4421495795249939
0.47838160395622253
0.40797263383865356
0.4148605167865753
0.40223610401153564
0.40599843859672546
0.3068297803401947
0.3817410469055176
0.47876405715942383
0.3773118257522583
0.3057413101196289
0.4664570093154907
0.49247562885284424
0.35669299960136414
0.3355698883533478
0.2516166865825653
0.3865716755390167
0.48593080043792725
0.42946675419807434
0.49023836851119995
0.44819170236587524
0.34096086025238037
0.3664845824241638
0.345039427280426
0.37967532873153687
0.3913090229034424
0.2601303458213806
0.32401156425476074
0.24769845604896545
0.3900354504585266
0.3975584805011749
0.469942569732666
0.43462666869163513
0.3732740879058838
0.31199321150779724
0.4777577817440033
0.4471624791622162
0.3182961046695709
0.39367952942848206
0.4818803369998932
0.3851998746395111
0.4465112090110779
0.34103262424468994
0.321388304233551
0.4540897011756897
0.4043288826942444
0.4581215977668762
0.4458375573158264
0.4050091803073883
0.48273271322250366
0.4580899775028229
0.3939250409603119
0.2156456559896469
0.31851500272750854
0.3242064118385315
0.32526302337646484
0.4310411810874939
0.4569430351257324
0.47721582651138306
0.4334224462509155
0.449851393699646
0.42054134607315063
0.4253470003604889
0.39001503586769104
0.41303274035453796
0.40059658885002136
0.4167313873767853
0.41227367520332336
0.27137964963912964
0.36366215348243713
0.4492909610271454
0.3837703466415405
0.4666080176830292
0.3217720091342926
0.4546004831790924
0.4451756775379181
0.4506091773509979
0.36000072956085205
0.4127243161201477
0.329667329788208
0.4102896451950073
0.33984479308128357
0.45321667194366455
0.296940416097641
0.3130300045013428
0.4309040606021881
0.30085304379463196
0.3819809556007385
0.45432350039482117
0.4990024268627167
0.3499838709831238
0.482614666223526
0.4981478750705719
0.47113722562789917
0.4586547911167145
0.4859638810157776
0.43988487124443054
0.3775531053543091
0.4742884933948517
0.4204704761505127
0.39484119415283203
0.3911627233028412
0.43328380584716797
0.41315239667892456
0.39669525623321533
0.47064414620399475
0.42665526270866394
0.4848019778728485
0.4931177496910095
0.40683144330978394
0.4775243401527405
0.4658758044242859
0.45116662979125977
0.45482346415519714
0.48326700925827026
0.2810962498188019
0.43123674392700195
0.276970773935318
0.44302406907081604
0.44304823875427246
0.45518356561660767
0.4426943361759186
0.2359224259853363
0.3287498950958252
0.2026560753583908
0.4992545247077942
0.4597778618335724
0.4583563208580017
0.3168596029281616
0.3996386229991913
0.49831342697143555
0.3922579288482666
0.4113200902938843
0.4220643639564514
0.4566366374492645
0.3841824531555176
0.48973771929740906
0.365072637796402
0.43302208185195923
0.4711974561214447
0.468295156955719
0.3664361238479614
0.42142775654792786
0.4398946464061737
0.47954511642456055
0.4417594373226166
0.44185271859169006
0.3855741620063782
0.4316112697124481
0.4563036859035492
0.34264424443244934
0.48455125093460083
0.38688144087791443
0.32971784472465515
0.3874135911464691
0.3700372874736786
0.36519426107406616
0.4698137044906616
0.48752549290657043
0.3695303201675415
0.45557448267936707
0.29879775643348694
0.4767809510231018
0.3876765966415405
0.4031413495540619
0.26141101121902466
0.48357775807380676
0.3923361599445343
0.49165332317352295
0.4508261978626251
0.4389268457889557
0.3546420931816101
0.4419683814048767
0.4122476577758789
0.3887067437171936
0.4026937186717987
0.4111528992652893
0.3738808035850525
0.4050271809101105
0.42002618312835693
0.4260055720806122
0.41841399669647217
0.3181312382221222
0.4915007948875427
0.4842827022075653
0.4818050265312195
0.3673403561115265
0.47200530767440796
0.40537795424461365
0.4384448230266571
0.3936159908771515
0.4822688698768616
0.47827500104904175
0.4844568371772766
0.4418686330318451
0.4159337282180786
0.47378817200660706
0.47625672817230225
0.37931832671165466
0.40330472588539124
0.43469926714897156
0.467041552066803
0.4614470601081848
0.443836510181427
0.3302752375602722
0.26161637902259827
0.38609397411346436
0.49858996272087097
0.3755933344364166
0.42295244336128235
0.4992641806602478
0.21185891330242157
0.3897402882575989
0.37249472737312317
0.4406527876853943
0.40302392840385437
0.35310468077659607
0.36381903290748596
0.3608918786048889
0.4615713357925415
0.3763008415699005
0.458231657743454
0.3283829689025879
0.49754583835601807
0.43798404932022095
0.439933180809021
0.34546470642089844
0.3227498233318329
0.4142780303955078
0.47996488213539124
0.42942190170288086
0.3163774609565735
0.4023512303829193
0.24341779947280884
0.31235548853874207
0.3976336121559143
0.463701993227005
0.41462019085884094
0.33429965376853943
0.4545007348060608
0.3881113827228546
0.4983259439468384
0.2558899223804474
0.3785068690776825
0.35979267954826355
0.4067310094833374
0.3553893268108368
0.4705987870693207
0.4580317437648773
0.49413514137268066
0.3669503927230835
0.4472961723804474
0.4253074824810028
0.4753875136375427
0.39921361207962036
0.3693990111351013
0.39744478464126587
0.3831474781036377
0.4736045300960541
0.4535658359527588
0.2541053295135498
0.446872353553772
0.4989694058895111
0.47186291217803955
0.2966114580631256
0.36638060212135315
0.41521069407463074
0.36991965770721436
0.4044652283191681
0.43527162075042725
0.42043060064315796
0.39458680152893066
0.3530166447162628
0.34408411383628845
0.2942010462284088
0.4422948360443115
0.27999377250671387
0.4515986740589142
0.36999791860580444
0.4736696481704712
0.4329661428928375
0.33206701278686523
0.4140760600566864
0.39550790190696716
0.37213560938835144
0.3242269456386566
0.3484257161617279
0.4753767251968384
0.3807612657546997
0.37076038122177124
0.44979947805404663
0.41969409584999084
0.4245509207248688
0.47286003828048706
0.3764752745628357
0.46693944931030273
0.39519426226615906
0.3524026870727539
0.49492698907852173
0.459020733833313
0.41724464297294617
0.39267438650131226
0.4987080693244934
0.2817685306072235
0.2944294810295105
0.421669602394104
0.4672697186470032
0.40877270698547363
0.4449591338634491
0.3901585042476654
0.48573267459869385
0.3100639879703522
0.3069745898246765
0.36098912358283997
0.3802463114261627
0.4700094759464264
0.41852277517318726
0.4877546727657318
0.4257749021053314
0.32972413301467896
0.4690316915512085
0.49976351857185364
0.3663368821144104
0.4453962445259094
0.4838743209838867
0.34410470724105835
0.46736592054367065
0.3453710973262787
0.4865434765815735
0.4352158010005951
0.4977417290210724
0.37135905027389526
0.41139769554138184
0.38100120425224304
0.4786611497402191
0.3414599299430847
0.36948129534721375
0.47506657242774963
0.46217018365859985
0.4667314291000366
0.3493909239768982
0.4050084352493286
0.27950894832611084
0.4386492371559143
0.4047258198261261
0.27898359298706055
0.4453260600566864
0.44058823585510254
0.4172569215297699
0.4876599609851837
0.3027842342853546
0.357045441865921
0.4361972510814667
0.4951959252357483
0.35379207134246826
0.4345889985561371
0.32000425457954407
0.44970250129699707
0.440822958946228
0.46775132417678833
0.2503693997859955
0.4725101590156555
0.3998621702194214
0.2634596526622772
0.452379435300827
0.3936264216899872
0.4883074164390564
0.484572172164917
0.4634633958339691
0.3671962320804596
0.4226740598678589
0.4339733123779297
0.37862101197242737
0.4393349587917328
0.45964348316192627
0.4817526638507843
0.43053990602493286
0.4374006390571594
0.3586168885231018
0.42162203788757324
0.44561871886253357
0.34929296374320984
0.4852590560913086
0.4515673816204071
0.42150917649269104
0.3794069290161133
0.44045114517211914
0.42172878980636597
0.46718379855155945
0.47851893305778503
0.47424861788749695
0.34624460339546204
0.45769327878952026
0.43977412581443787
0.43588462471961975
0.27017495036125183
0.4705764055252075
0.3490353524684906
0.39609256386756897
0.49731624126434326
0.3802242577075958
0.47718387842178345
0.4649961590766907
0.30032938718795776
0.49117496609687805
0.3973853886127472
0.43203502893447876
0.38552114367485046
0.4951116144657135
0.353500634431839
0.43793514370918274
0.44581323862075806
0.3198891580104828
0.26024314761161804
0.30608057975769043
0.4815389811992645
0.3557184934616089
0.41845422983169556
0.4922492802143097
0.43237975239753723
0.4011988639831543
0.2758346498012543
0.372323602437973
0.4787398874759674
0.49613454937934875
0.4909377992153168
0.44503092765808105
0.42397812008857727
0.4647636413574219
0.4227312207221985
0.4398966431617737
0.45971742272377014
0.3295041620731354
0.36287036538124084
0.3997952938079834
0.492574542760849
0.332980215549469
0.40116021037101746
0.43833863735198975
0.3648099899291992
0.43757736682891846
0.3693634569644928
0.37513190507888794
0.3559890389442444
0.3112698197364807
0.2672932744026184
0.4071154296398163
0.2912936508655548
0.25746458768844604
0.29707545042037964
0.43901312351226807
0.44278842210769653
0.4071548879146576
0.43470314145088196
0.416618287563324
0.3540119528770447
0.3540593683719635
0.48414936661720276
0.32610470056533813
0.49005046486854553
0.4797983169555664
0.32983335852622986
0.2560811936855316
0.39222589135169983
0.43991518020629883
0.4395044445991516
0.4545760452747345
0.4178377389907837
0.33507537841796875
0.38760608434677124
0.4146525263786316
0.4476418197154999
0.35980281233787537
0.48608162999153137
0.4023379683494568
0.4855947494506836
0.3499748706817627
0.41348975896835327
0.3947458267211914
0.4645845293998718
0.4652090072631836
0.3859732449054718
0.3527715504169464
0.35582852363586426
0.3719065487384796
0.40287432074546814
0.41007331013679504
0.39757364988327026
0.39975860714912415
0.47363248467445374
0.363116979598999
0.4736952483654022
0.4789934754371643
0.35842689871788025
0.3789772093296051
0.3726066052913666
0.43577030301094055
0.440341979265213
0.44873425364494324
0.34392380714416504
0.3838711082935333
0.44767698645591736
0.29190677404403687
0.3966234624385834
0.41894569993019104
0.4319584369659424
0.1698388159275055
0.4587836265563965
0.446039617061615
