0.6964880228042603
0.762057363986969
0.5710510015487671
0.6303672194480896
0.5391031503677368
0.6179757714271545
0.5503656268119812
0.5364615321159363
0.6025258302688599
0.5763713717460632
0.5618693232536316
0.5843223929405212
0.5077284574508667
0.645987331867218
0.6556895971298218
0.5546663999557495
0.5730117559432983
0.5958473682403564
0.5638569593429565
0.5636249780654907
0.617755115032196
0.5030875205993652
0.5473915934562683
0.7476904988288879
0.5710258483886719
0.5466142296791077
0.6168606877326965
0.6859055757522583
0.5916364192962646
0.6049939393997192
0.5743877291679382
0.5181750059127808
0.563636839389801
0.5491983294487
0.5617779493331909
0.6033638715744019
0.6009023189544678
0.5219710469245911
0.6590243577957153
0.6989028453826904
0.5363599061965942
0.7252256870269775
0.7561827898025513
0.6628878712654114
0.7334151268005371
0.5577544569969177
0.5542012453079224
0.5037661194801331
0.5117254853248596
0.5198029279708862
0.607531726360321
0.6429973840713501
0.557077169418335
0.5403932332992554
0.7132248282432556
0.6450144648551941
0.6654658317565918
0.621206521987915
0.6136727929115295
0.7574738264083862
0.5572116374969482
0.5312532186508179
0.5000612735748291
0.5318537950515747
0.7048896551132202
0.6971161365509033
0.5169328451156616
0.6427216529846191
0.5575991272926331
0.6355204582214355
0.5478602051734924
0.5920085906982422
0.5953382253646851
0.5612584948539734
0.5050135850906372
0.647301971912384
0.6700860857963562
0.6003013253211975
0.5258216857910156
0.6441593766212463
0.5597776174545288
0.5974719524383545
0.62484210729599
0.5305940508842468
0.5855858325958252
0.5188404321670532
0.527238667011261
0.6330435872077942
0.5706796050071716
0.5661614537239075
0.5012684464454651
0.6276904940605164
0.587858259677887
0.6455557942390442
0.5507399439811707
0.5252761840820312
0.5224965810775757
0.5147518515586853
0.6050803065299988
0.7694646120071411
0.5174213647842407
0.6726100444793701
0.5416701436042786
0.6725729703903198
0.5083321332931519
0.6199609637260437
0.6313640475273132
0.612162172794342
0.5166261792182922
0.7293397784233093
0.5594770908355713
0.5318033695220947
0.5264387726783752
0.5717889666557312
0.5356082320213318
0.7281343340873718
0.6319342851638794
0.7372908592224121
0.6577227115631104
0.502856433391571
0.5563618540763855
0.5438864827156067
0.6358904242515564
0.5478716492652893
0.5442172884941101
0.5236372947692871
0.667805016040802
0.5743967890739441
0.6529762148857117
0.5939798951148987
0.6757563352584839
0.5450521111488342
0.526060938835144
0.5453632473945618
0.5150799751281738
0.6081862449645996
0.5080048441886902
0.678123414516449
0.5222387909889221
0.6838655471801758
0.5502734780311584
0.5477793216705322
0.6514565348625183
0.5358410477638245
0.6615440845489502
0.5648608803749084
0.6428956389427185
0.5140956044197083
0.5686857104301453
0.5271601676940918
0.6546570062637329
0.5774707198143005
0.5150985717773438
0.5969123840332031
0.749281108379364
0.5434951782226562
0.648891806602478
0.5124988555908203
0.5131230354309082
0.5126007795333862
0.6209877729415894
0.7053571939468384
0.5782367587089539
0.5823783278465271
0.5423222780227661
0.6076036095619202
0.5763489007949829
0.6127514839172363
0.6107258796691895
0.6272238492965698
0.5363661050796509
0.6512939929962158
0.5254315733909607
0.6174161434173584
0.5470414161682129
0.6249282360076904
0.543749213218689
0.642693281173706
0.5660305619239807
0.5524078607559204
0.6496643424034119
0.5576902031898499
0.5002326965332031
0.6898725032806396
0.5213057398796082
0.7276008725166321
0.5965520739555359
0.5291569828987122
0.530357837677002
0.5710114240646362
0.7537341117858887
0.6639185547828674
0.5772420167922974
0.5230572819709778
0.757876992225647
0.5532822012901306
0.5227228403091431
0.714902400970459
0.5609356164932251
0.5339177250862122
0.5597459673881531
0.6137884259223938
0.6923770308494568
0.7752217650413513
0.5583662390708923
0.5309160947799683
0.5583603382110596
0.6136540174484253
0.599166750907898
0.6085853576660156
0.5277118682861328
0.6186939477920532
0.5481012463569641
0.5674322843551636
0.5408475399017334
0.626684308052063
0.518389105796814
0.5916275382041931
0.5890591740608215
0.6509903073310852
0.5750119090080261
0.5122983455657959
0.5754903554916382
0.6206361055374146
0.5518170595169067
0.503753125667572
0.553756833076477
0.5037206411361694
0.5734654664993286
0.5457993149757385
0.573309063911438
0.5595439076423645
0.7322193384170532
0.5552972555160522
0.5776568651199341
0.5171453952789307
0.5040227174758911
0.5785622596740723
0.6625431776046753
0.5209029912948608
0.564630389213562
0.5042954683303833
0.6305943727493286
0.5158772468566895
0.5910583138465881
0.7052111625671387
0.5731953978538513
0.6201987862586975
0.596680760383606
0.5486547350883484
0.5176287889480591
0.5207258462905884
0.5342000722885132
0.5249038934707642
0.5012287497520447
0.7978154420852661
0.6464040875434875
0.5731120109558105
0.5301439762115479
0.5354137420654297
0.5203511714935303
0.5424535870552063
0.5041987895965576
0.6137692928314209
0.554297149181366
0.5095189213752747
0.5394477844238281
0.5041335821151733
0.679336428642273
0.7025718688964844
0.5145213007926941
0.5275334715843201
0.518214762210846
0.6598926186561584
0.6926694512367249
0.5715946555137634
0.5317452549934387
0.5386492609977722
0.6498890519142151
0.6791033744812012
0.5313248634338379
0.6199725866317749
0.5353885889053345
0.5902515053749084
0.5096059441566467
0.6341890096664429
0.5153119564056396
0.5779392719268799
0.6278473138809204
0.6026430726051331
0.5845287442207336
0.5454885959625244
0.7058730721473694
0.6171983480453491
0.5449814796447754
0.706096351146698
0.5256115198135376
0.5490338206291199
0.7835896611213684
0.724870502948761
0.5436338782310486
0.5334056615829468
0.5528928637504578
0.5729842782020569
0.5038403272628784
0.5552516579627991
0.5116268992424011
0.5021465420722961
0.5636119246482849
0.5716898441314697
0.6056336164474487
0.7009660005569458
0.5666163563728333
0.6038647294044495
0.5963059663772583
0.5449272394180298
0.5132352113723755
0.5549376010894775
0.6049165725708008
0.5491062998771667
0.6178891658782959
0.5121709704399109
0.5764842629432678
0.7447935938835144
0.5783525109291077
0.6095581650733948
0.5551059246063232
0.5461541414260864
0.7626415491104126
0.5528885722160339
0.5409187078475952
0.5710340142250061
0.5458139777183533
0.6272380948066711
0.6168498992919922
0.5389777421951294
0.6322000622749329
0.5543558597564697
0.627551257610321
0.5247536897659302
0.5714929699897766
0.5850882530212402
0.6717552542686462
0.5465421080589294
0.6004560589790344
0.5330386161804199
0.6804780960083008
0.5611473917961121
0.547981321811676
0.5545642375946045
0.6534505486488342
0.558440089225769
0.537882924079895
0.6397861242294312
0.6113818883895874
0.7261360287666321
0.5514670610427856
0.6496396064758301
0.6230798959732056
0.6592207551002502
0.639216959476471
0.5007107257843018
0.5169991850852966
0.5563928484916687
0.5730608105659485
0.5125116109848022
0.602035641670227
0.6449143290519714
0.62763512134552
0.5999133586883545
0.7071950435638428
0.6079093217849731
0.5157654285430908
0.7602753639221191
0.6105602979660034
0.6146001219749451
0.6469413638114929
0.5870223641395569
0.5716441869735718
0.5666685104370117
0.6114261150360107
0.6643922924995422
0.5939024090766907
0.500993549823761
0.6663190722465515
0.6061995625495911
0.7906070351600647
0.522354006767273
0.5020771622657776
0.664014995098114
0.5524550676345825
0.5579467415809631
0.576966404914856
0.6241170167922974
0.5820894837379456
0.6925357580184937
0.629411518573761
0.6115953922271729
0.7787882685661316
0.528477668762207
0.5665629506111145
0.5845077633857727
0.6295304298400879
0.5879331827163696
0.5312245488166809
0.5358908772468567
0.5838454365730286
0.8388281464576721
0.605404794216156
0.5102513432502747
0.5075463652610779
0.5723823308944702
0.5606985092163086
0.5928468108177185
0.5857847929000854
0.6233952045440674
0.6667103171348572
0.6750423312187195
0.6281647086143494
0.5587908029556274
0.6987180709838867
0.5927080512046814
0.5024554133415222
0.5129875540733337
0.5636464953422546
0.5772993564605713
0.5814307332038879
0.5640011429786682
0.6655895113945007
0.6624094247817993
0.6748953461647034
0.5014885067939758
0.7169724702835083
0.5992230772972107
0.7005560398101807
0.5566708445549011
0.6595373153686523
0.5794876217842102
0.5712182521820068
0.6110983490943909
0.5061902403831482
0.5419840216636658
0.6092207431793213
0.5434367656707764
0.6249022483825684
0.5560632348060608
0.519933819770813
0.5086327791213989
0.5911040902137756
0.5242425799369812
0.5078384876251221
0.6132376790046692
0.5663536190986633
0.5546270608901978
0.5860946178436279
0.5342665910720825
0.5164666175842285
0.5344634056091309
0.5030806064605713
0.6536861658096313
0.6215416193008423
0.6102067828178406
0.5177462100982666
0.6163707375526428
0.5142599940299988
0.5445049405097961
0.5768241286277771
0.5983465313911438
0.5878857970237732
0.7718165516853333
0.5866572856903076
0.6240822076797485
0.5502092242240906
0.5278841257095337
0.5483555793762207
0.5882958173751831
0.5794031620025635
0.6047390103340149
0.5857155919075012
0.5410580039024353
0.5373020768165588
0.5673904418945312
0.5818356275558472
0.7047775387763977
0.6010855436325073
0.553717851638794
0.5115104913711548
0.626465916633606
0.6401378512382507
0.6478680968284607
0.5315763354301453
0.6822909116744995
0.6965173482894897
0.5942204594612122
0.5051308870315552
0.501557469367981
0.5561588406562805
0.6477828621864319
0.6143631339073181
0.5873630046844482
0.6156622767448425
0.5674287676811218
0.6338891386985779
0.5022945404052734
0.5706175565719604
0.5281659364700317
0.5548314452171326
0.6698179841041565
0.56651371717453
0.5226117968559265
0.7224435210227966
0.5461156964302063
0.5877887010574341
0.6304439306259155
0.6896421909332275
0.502257227897644
0.5379736423492432
0.5978522896766663
0.5784045457839966
0.6755449175834656
0.611460268497467
0.5016496777534485
0.5303734540939331
0.6013829112052917
0.6002109050750732
0.5298508405685425
0.5346293449401855
0.6271606683731079
0.6397011280059814
0.5030881762504578
0.5874595642089844
0.5688150525093079
0.6068888306617737
0.500961184501648
0.5606269836425781
0.5051119327545166
0.6434274315834045
0.5315759778022766
0.5782005786895752
0.5580336451530457
0.5529785752296448
0.559543788433075
0.5504299998283386
0.5390220284461975
0.5381332039833069
0.5029419660568237
0.7007861733436584
0.695238471031189
0.5341632962226868
0.5229148864746094
0.5667014718055725
0.5512797832489014
0.5973479151725769
0.6727206110954285
0.60379958152771
0.6070507764816284
0.6494198441505432
0.5159320831298828
0.6570032238960266
0.5318060517311096
0.5300959944725037
0.5361311435699463
0.5386635661125183
0.5595212578773499
0.680852472782135
0.5832045078277588
0.6954081058502197
0.5405006408691406
0.6041566133499146
0.6326661705970764
0.6678431034088135
0.5689355731010437
0.5155425071716309
0.5020192861557007
0.558125376701355
0.5883917212486267
0.6369196772575378
0.5065898895263672
0.5725383758544922
0.5182591080665588
0.5912028551101685
0.6296674013137817
0.6186789274215698
0.6221305727958679
0.5441757440567017
0.501022458076477
0.5940753817558289
0.6287329792976379
0.7122591137886047
0.5769973993301392
0.5243381857872009
0.5898547768592834
0.5728752613067627
0.6318170428276062
0.5282925367355347
0.5174684524536133
0.517403244972229
0.6060802936553955
0.529334306716919
0.7404558658599854
0.6420881152153015
0.5437455773353577
0.5224770903587341
0.6613596677780151
0.5197658538818359
0.5432469844818115
0.6178721189498901
0.5251736044883728
0.5824732780456543
0.5357522368431091
0.5241760015487671
0.5909029245376587
0.5324170589447021
0.6238842606544495
0.619929313659668
0.6125878095626831
0.6358401775360107
0.6518830060958862
0.7083078026771545
0.534064769744873
0.518318772315979
0.5961535573005676
0.6053785085678101
0.6543737053871155
0.6467854380607605
0.6029570698738098
0.5119124054908752
0.5153211951255798
0.5114314556121826
0.7053387761116028
0.5421605706214905
0.6657436490058899
0.6182081699371338
0.5413153171539307
0.6542394757270813
0.7417618036270142
0.5617724657058716
0.5218636989593506
0.6256806254386902
0.5213431119918823
0.5978297591209412
0.7449880838394165
0.5711326003074646
0.5014761686325073
0.5258293747901917
0.6137700080871582
0.7152271866798401
0.6020190715789795
0.7211846113204956
0.5441487431526184
0.6057620048522949
0.5330219864845276
0.5308470129966736
0.54733806848526
0.6441907286643982
0.503186821937561
0.5996098518371582
0.5712483525276184
0.6253440976142883
0.6163854002952576
0.6735799908638
0.5646544694900513
0.5296087265014648
0.5546524524688721
0.6703713536262512
0.6856422424316406
0.5322902798652649
0.5923059582710266
0.5281926989555359
0.5504632592201233
0.564845860004425
0.5988794565200806
0.5029256939888
0.7206716537475586
0.6494379043579102
0.7122300863265991
0.5950454473495483
0.5523579716682434
0.5474965572357178
0.7704585790634155
0.738284707069397
0.5872167348861694
0.580263078212738
0.5266708731651306
0.5777681469917297
0.6086073517799377
0.5944124460220337
0.5537900328636169
0.6393693685531616
0.5099098086357117
0.6167424917221069
0.5366984605789185
0.7043626308441162
0.5982345938682556
0.5251773595809937
0.5604411363601685
0.5725803375244141
0.625304102897644
0.5316568613052368
0.557956337928772
0.5662322044372559
0.5421386361122131
0.5904510021209717
0.5620941519737244
0.624017059803009
0.6533560156822205
0.5094731450080872
0.7387270331382751
0.6966845393180847
0.6692982316017151
0.539527952671051
0.6258100271224976
0.5169974565505981
0.5615677833557129
0.570388674736023
0.5250433683395386
0.6248546838760376
0.6529025435447693
0.6092119216918945
0.5548134446144104
0.6521822214126587
0.6501349210739136
0.5349281430244446
0.6921550631523132
0.6001859307289124
0.5401884913444519
0.6004436612129211
0.7433125972747803
0.5011336803436279
0.6203240156173706
0.5135089755058289
0.5336384773254395
0.5289435386657715
0.6378086805343628
0.5634620785713196
0.551494300365448
0.6122812032699585
0.7533671259880066
0.5109907984733582
0.5141733884811401
0.596446692943573
0.5605829358100891
0.5945550203323364
0.5842875838279724
0.5410301089286804
0.6485713720321655
0.6758208274841309
0.5680294036865234
0.590857982635498
0.5507652759552002
0.6269032955169678
0.5484055280685425
0.7016878724098206
0.7057170867919922
0.6301217675209045
0.5018919110298157
0.5048490166664124
0.5806172490119934
0.548825740814209
0.6297749876976013
0.6534366607666016
0.5177972316741943
0.6719236969947815
0.5827733278274536
0.5757387280464172
0.5505927205085754
0.6257209777832031
0.5651007294654846
0.7332422137260437
0.579784631729126
0.5753185749053955
0.6358103156089783
0.735264241695404
0.5828694105148315
0.5185355544090271
0.5344417691230774
0.6214870810508728
0.500614583492279
0.7100291848182678
0.5266101360321045
0.6405229568481445
0.6527658104896545
0.6591777205467224
0.506720781326294
0.6510098576545715
0.5146399140357971
0.5206022262573242
0.6186553835868835
0.5627264976501465
0.7479174733161926
0.5645002126693726
0.7163375616073608
0.6553367376327515
0.6162503361701965
0.509464681148529
0.6611550450325012
0.5664955377578735
0.6103439927101135
0.6090041995048523
0.5713571310043335
0.5089285373687744
0.6018328070640564
0.5241559743881226
0.5089693069458008
0.5130628347396851
0.5312917232513428
0.6701988577842712
0.6509593725204468
0.5546929836273193
0.6430758237838745
0.502844512462616
0.5147567987442017
0.5304245948791504
0.7066138982772827
0.5280318260192871
0.6108422875404358
0.6057291030883789
0.6883432865142822
0.6118675470352173
0.5981535911560059
0.6272304058074951
0.5198497176170349
0.5386123061180115
0.5635778903961182
0.6774113774299622
0.5618805289268494
0.5861037969589233
0.5615372061729431
0.6224706768989563
0.5677011609077454
0.5164682269096375
0.61260586977005
0.5534643530845642
0.6069344878196716
0.6504232287406921
0.5118381977081299
0.7122809290885925
0.5294941663742065
0.5074969530105591
0.661118745803833
0.631330668926239
0.5231196284294128
0.72023606300354
0.5928739309310913
0.5042526721954346
0.5905689597129822
0.5055158138275146
0.5362597703933716
0.5697636604309082
0.5916493535041809
0.6130108833312988
0.6872724294662476
0.6931246519088745
0.5075696706771851
0.5661249756813049
0.6705597043037415
0.6022371053695679
0.5856701731681824
0.6457766890525818
0.5386545062065125
0.5981429219245911
0.6517138481140137
0.606986403465271
0.539057195186615
0.5323172211647034
0.5304660201072693
0.6500439643859863
0.5185523629188538
0.5013391971588135
0.5338674783706665
0.7734314203262329
0.541496753692627
0.7288603782653809
0.5973564982414246
0.7785057425498962
0.5550100803375244
0.6954275965690613
0.5091638565063477
0.5280784368515015
0.6399024724960327
0.6391755938529968
0.5875636339187622
0.6579343676567078
0.5186468362808228
0.5292382836341858
0.5969988703727722
0.556861400604248
0.5965282320976257
0.6017361879348755
0.5963914394378662
0.5653031468391418
0.5215119123458862
0.5879743099212646
0.7134878039360046
0.5051018595695496
0.7807904481887817
0.5359426140785217
0.6535508632659912
0.5136743187904358
0.5278350710868835
0.5849699378013611
0.6143960356712341
0.5314090847969055
0.575554609298706
0.6492443680763245
0.513047456741333
0.5976846814155579
0.5346360206604004
0.6088181138038635
0.5867103338241577
0.6611999869346619
0.6442322134971619
0.6838606595993042
0.5421341061592102
0.6201814413070679
0.5630924105644226
0.6635621190071106
0.5941270589828491
0.5689937472343445
0.5079049468040466
0.6466296911239624
0.6597291827201843
0.6187698245048523
0.5308137536048889
0.5779718160629272
0.6088268160820007
0.6159307360649109
0.5588255524635315
0.5478007197380066
0.5098146200180054
0.5606647729873657
0.5503541231155396
0.5124625563621521
0.6496515870094299
0.7424488067626953
0.617881178855896
0.6237015724182129
0.637147843837738
0.5687679052352905
0.6729503273963928
0.6478812098503113
0.5871767997741699
0.5340842008590698
0.5045812129974365
0.525963306427002
0.7145431041717529
0.5562962293624878
0.6478347778320312
0.6163533926010132
0.5701097846031189
0.690727174282074
0.5425313711166382
0.6066406965255737
0.5453060269355774
0.5231121778488159
0.5291293263435364
0.6447765231132507
0.5398737788200378
0.5730161070823669
0.6018649935722351
0.5824195742607117
0.5568068623542786
0.5155929327011108
0.6123993396759033
0.5834726095199585
0.5433356165885925
0.6034865379333496
0.6906833648681641
0.7711066007614136
0.5960634350776672
0.6108554601669312
0.5191931128501892
0.5133780837059021
0.5850575566291809
0.642996072769165
0.6945366859436035
0.5702009201049805
0.5715853571891785
0.5827133655548096
0.6471551060676575
0.5533203482627869
0.6561274528503418
0.6406770944595337
0.5430175065994263
0.5274733304977417
0.7465077042579651
0.627705454826355
0.5494575500488281
0.5710042715072632
0.6192653179168701
0.5324426889419556
0.6125743389129639
0.7248130440711975
0.6085553169250488
0.5193437337875366
0.5946745872497559
0.6020668148994446
0.6069544553756714
0.5316755771636963
0.6579212546348572
0.647667646408081
0.6070771813392639
0.6580847501754761
0.6824049949645996
0.536197304725647
0.5980944037437439
0.5857864022254944
0.5410613417625427
0.5150282979011536
0.6104327440261841
0.6554543375968933
0.636724054813385
0.6708548665046692
0.5033823847770691
0.58338862657547
0.5476887822151184
0.568260669708252
0.6125451922416687
0.6546953916549683
0.7286493182182312
0.5230213403701782
0.6955901980400085
0.5254902839660645
0.5272518992424011
0.6795852780342102
0.5443106889724731
0.6739892363548279
0.6215231418609619
0.553835391998291
0.5100724101066589
0.5546515583992004
0.5062505602836609
0.5277000665664673
0.5154818892478943
0.5027463436126709
0.6102066040039062
0.5937917232513428
0.5991863012313843
0.5430829524993896
0.5585060715675354
0.727845311164856
0.6774139404296875
0.5882081389427185
0.6105607748031616
0.5511631369590759
0.5002962350845337
0.5972842574119568
0.5827990770339966
0.5955228805541992
0.5009893774986267
0.5820692181587219
0.688931941986084
0.560480535030365
0.630718469619751
0.6750049591064453
0.5228930115699768
0.7574870586395264
0.5057424306869507
0.6874208450317383
0.5909984111785889
0.7101743221282959
0.7146521210670471
0.5006600618362427
0.6008458137512207
0.5401380062103271
0.5632461309432983
0.5848650932312012
0.6323793530464172
0.5857415795326233
0.618003785610199
0.5146617293357849
0.5237188935279846
0.5130680203437805
0.6326544284820557
0.6019871234893799
0.5474634766578674
0.5370090007781982
0.542564332485199
0.8294879198074341
0.7283775806427002
0.6628912687301636
0.5820673108100891
0.5920601487159729
0.5091032981872559
0.6904853582382202
0.6002954840660095
0.5229989290237427
0.6507546901702881
0.7758851051330566
0.5614025592803955
0.5009810924530029
0.5087972283363342
0.5396417379379272
0.5514993667602539
0.645508885383606
0.5597809553146362
0.7265394330024719
0.647570013999939
0.5408489108085632
0.6925956606864929
0.6662624478340149
0.5995683073997498
0.5995132923126221
0.6182434558868408
0.6368917226791382
0.5297458171844482
0.5730036497116089
0.5033649206161499
0.5923920273780823
0.647920548915863
0.5868635773658752
0.6394772529602051
0.5999253392219543
0.5826449394226074
0.6094053983688354
0.5149763226509094
0.5464855432510376
0.6226984858512878
0.5775324106216431
0.6568251252174377
0.5649781823158264
0.6004542708396912
0.5296586751937866
0.6794580817222595
0.6409907937049866
0.5527468919754028
0.6845272779464722
0.5345858335494995
0.7392352223396301
0.5130065083503723
0.5398860573768616
0.6071684956550598
0.5516858696937561
0.6747368574142456
0.5805308818817139
0.5840492844581604
0.5361045598983765
0.5001241564750671
0.5800909996032715
0.643256425857544
0.5587904453277588
0.5871782898902893
0.5254209637641907
0.5650812387466431
0.5564293265342712
0.5403986573219299
0.598573625087738
0.7019518613815308
0.668411910533905
0.5157283544540405
0.5250402688980103
0.5008559226989746
0.5503002405166626
0.640234649181366
0.6199073195457458
0.5855161547660828
0.5146693587303162
0.5233995914459229
0.5803285241127014
0.5423550605773926
0.5648655891418457
0.5252012610435486
0.6268460154533386
0.7218503952026367
0.7095175981521606
0.5777016878128052
0.5737470984458923
0.6022889614105225
0.7493971586227417
0.5513845086097717
0.6607896089553833
0.5372316837310791
0.5661718249320984
0.5599445700645447
0.6509334444999695
0.5191276669502258
0.5444220304489136
0.5150716304779053
0.5642262101173401
0.6048075556755066
0.5174928307533264
0.6813114881515503
0.5815818309783936
0.576511800289154
0.5994283556938171
0.6984450817108154
0.5713086128234863
0.5318006277084351
0.5671703815460205
0.6221592426300049
0.5646461248397827
0.5437279939651489
0.7133467197418213
0.611342191696167
0.652269184589386
0.5796259045600891
0.5803472995758057
0.5118385553359985
0.6140886545181274
0.6208358407020569
0.6536321043968201
0.5439664721488953
0.5835992097854614
0.6016422510147095
0.5627673864364624
0.5787578821182251
0.5613555908203125
0.5755215287208557
0.5841811895370483
0.7100749015808105
0.5789387226104736
0.6726526618003845
0.5123801231384277
0.5649229288101196
0.5975319743156433
0.6776863932609558
0.5291584134101868
0.6063897609710693
0.5986800789833069
0.6266452670097351
0.5205516815185547
0.5941635370254517
0.6129335761070251
0.5054605603218079
0.5830748677253723
0.5791187286376953
0.5089120268821716
0.5231485962867737
0.5283292531967163
0.5232934951782227
0.634493887424469
0.5796365737915039
0.510951042175293
0.5202077627182007
0.5110849142074585
0.5181306600570679
0.5811821818351746
0.5305693745613098
0.7186399698257446
0.5193743705749512
0.5474152565002441
0.5385175943374634
0.526077926158905
0.6176434755325317
0.5113219618797302
0.6746625304222107
0.6046731472015381
0.7821304798126221
0.6426516771316528
0.610322117805481
0.6014082431793213
0.5370903015136719
0.5969775319099426
0.7774477005004883
0.8452362418174744
0.6544191837310791
0.6403957605361938
0.5753917098045349
0.5541415214538574
0.671059250831604
0.6228072047233582
0.6801194548606873
0.5801935791969299
0.5742930769920349
0.6097176671028137
0.5562489032745361
0.5926515460014343
0.5592058897018433
0.7316279411315918
0.686524510383606
0.5528234243392944
0.5267922878265381
0.5223333835601807
0.5472397804260254
0.5876051783561707
0.6759296655654907
0.6057136058807373
0.6045182943344116
0.7187893390655518
0.6746764183044434
0.7092292904853821
0.5513780117034912
0.5103179216384888
0.5223714113235474
0.514575719833374
0.533743679523468
0.5045722723007202
0.5829766988754272
0.5373826622962952
0.5197845101356506
0.5733587145805359
0.5895698666572571
0.5259432792663574
0.6087961196899414
0.5888038873672485
0.5808514356613159
0.781264066696167
0.6902457475662231
0.6887480020523071
0.630934476852417
0.5274579524993896
0.650250256061554
0.5110872387886047
0.5701367259025574
0.5906596183776855
0.68522709608078
0.5818773508071899
0.5210927128791809
0.5053821206092834
0.5309217572212219
0.735296368598938
0.5318083167076111
0.5027447938919067
0.567646861076355
0.6410326957702637
0.6054622530937195
0.5628098249435425
0.7214334011077881
0.5931609272956848
0.5060526728630066
0.6201926469802856
0.5766744613647461
0.6213855743408203
0.5461539626121521
0.7161038517951965
0.585113525390625
0.5238250494003296
0.5596233010292053
0.6165549755096436
0.7314551472663879
0.5144237875938416
0.599624514579773
0.5369912981987
0.5093730688095093
0.5195361971855164
0.662748396396637
0.5313993096351624
0.6441552042961121
0.528192937374115
0.5541309118270874
0.5067635178565979
0.6834618449211121
0.5860815048217773
0.7220274209976196
0.6965050101280212
0.6938245296478271
0.5445963144302368
0.5793317556381226
0.6015608310699463
0.6557363271713257
0.5419502258300781
0.5854387879371643
0.5045652985572815
0.5767031908035278
0.5610454082489014
0.5951982140541077
0.5670257806777954
0.6436089873313904
0.589713990688324
0.6538419127464294
0.5775414109230042
0.6008099913597107
0.5966594219207764
0.5582428574562073
0.6248632669448853
0.5657896399497986
0.5816282629966736
0.6112476587295532
0.5227769613265991
0.547307550907135
0.6938338875770569
0.5870189070701599
0.621172308921814
0.7721892595291138
0.6018658876419067
0.5628782510757446
0.5378742218017578
0.5401062369346619
0.7480407357215881
0.5026950240135193
0.5684512853622437
0.5991007089614868
0.5024226307868958
0.5556414723396301
0.5249363780021667
0.5963413715362549
0.5142133235931396
0.6093124747276306
0.6110384464263916
0.6661186814308167
0.5687527060508728
0.5821217894554138
0.5277290344238281
0.5279044508934021
0.5905875563621521
0.6166579723358154
0.5212637186050415
0.5655742287635803
0.5398578643798828
0.5627055168151855
0.5155612826347351
0.6209090948104858
0.5970563888549805
0.6436440944671631
0.5032044649124146
0.6590813398361206
0.6590689420700073
0.745815098285675
0.6313953399658203
0.5498168468475342
0.6065253615379333
0.5991342663764954
0.6122061610221863
0.5226226449012756
0.6363627910614014
0.6082946062088013
0.5920339226722717
0.5464608669281006
0.6383199095726013
0.5954630374908447
0.5783842206001282
0.5088754296302795
0.5117952227592468
0.6602669954299927
0.6199818849563599
0.5691438913345337
0.8194149136543274
0.5620620250701904
0.5245958566665649
0.5471768379211426
0.6519991755485535
0.7170946002006531
0.5109254121780396
0.595258355140686
0.5504170656204224
0.738876223564148
0.5406846404075623
0.5607559084892273
0.5215553641319275
0.5162523984909058
0.5561750531196594
0.5255926847457886
0.6909177303314209
0.6813924908638
0.5397663116455078
0.660186767578125
0.6666646599769592
0.5905493497848511
0.6853547692298889
0.5206572413444519
0.6119330525398254
0.5331618189811707
0.5548161864280701
0.549203097820282
0.5520603060722351
0.634668231010437
0.5829800963401794
0.5037479996681213
0.5520546436309814
0.5946200489997864
0.5281239748001099
0.6191093921661377
0.626512348651886
0.5271722674369812
0.6310864686965942
0.5310871005058289
0.6768888235092163
0.5322536826133728
0.6755860447883606
0.5993788838386536
0.5941944122314453
0.554450511932373
0.5339886546134949
0.5029464960098267
0.5717214345932007
0.5655603408813477
0.678765594959259
0.6378830671310425
0.6091954112052917
0.5055930614471436
0.6438149809837341
0.552869439125061
0.5726879239082336
0.6742081046104431
0.6275298595428467
0.6348450779914856
0.5414958596229553
0.5089440941810608
0.7104357481002808
0.5692234039306641
0.5100846290588379
0.5065156817436218
0.5635212659835815
0.6107738018035889
0.5336370468139648
0.7455989122390747
0.649427056312561
0.623235821723938
0.6068170070648193
0.7113590836524963
0.5291196703910828
0.5042704343795776
0.6266010403633118
0.5557611584663391
0.5912631750106812
0.5603972673416138
0.5224925875663757
0.572628378868103
0.6385285258293152
0.5154523849487305
0.5823896527290344
0.6002121567726135
0.581831693649292
0.5903452038764954
0.5165054798126221
0.7035014629364014
0.6338697671890259
0.5167965888977051
0.5633772611618042
0.5679351091384888
0.5017340183258057
0.5986461639404297
0.5391644835472107
0.5487120151519775
0.5259804725646973
0.5075992345809937
0.5270028710365295
0.5432272553443909
0.694779634475708
0.5709772109985352
0.6551267504692078
0.5903536677360535
0.6095263957977295
0.5354005098342896
0.5119552612304688
0.6410343050956726
0.5128771662712097
0.5772680044174194
0.7445880770683289
0.6796302199363708
0.5968812704086304
0.5155842900276184
0.5609612464904785
0.6233774423599243
0.5736908316612244
0.5552449822425842
0.6181923151016235
0.5249786376953125
0.6249809265136719
0.5347024202346802
0.5024857521057129
0.6361438632011414
0.5223608613014221
0.5546929836273193
0.597261369228363
0.7288473844528198
0.508077085018158
0.5487573742866516
0.5673738121986389
0.6702526211738586
0.5460768342018127
0.6712316870689392
0.6222060918807983
0.5553076863288879
0.6208212375640869
0.6217553615570068
0.7333731055259705
0.5789408087730408
0.6127645969390869
0.5979681611061096
0.6857515573501587
0.503879725933075
0.7555282115936279
0.5366381406784058
0.5112287402153015
0.61887526512146
0.5082882642745972
0.6820911765098572
0.5116952061653137
0.5666572451591492
0.6545658111572266
0.6091140508651733
0.5895318388938904
0.5243611335754395
0.6222367882728577
0.6398157477378845
0.557238757610321
0.5174145102500916
0.5574259161949158
0.601819634437561
0.5798509120941162
0.586868941783905
0.5441395044326782
0.5405200123786926
0.5021557211875916
0.5996134281158447
0.5937630534172058
0.5962743759155273
0.5552141666412354
0.5048380494117737
0.546322762966156
0.541637122631073
0.5933253765106201
0.7307628393173218
0.5673353672027588
0.5026688575744629
0.612261950969696
0.5530698895454407
0.5049708485603333
0.524310827255249
0.626430332660675
0.5039267539978027
0.5350557565689087
0.5064918994903564
0.6017763018608093
0.6377905607223511
0.5874885320663452
0.7150024175643921
0.6039718985557556
0.5752341747283936
0.5866464376449585
0.7803027629852295
0.653096079826355
0.5746479034423828
0.6987653374671936
0.5399264097213745
0.5447559952735901
0.6042432188987732
0.5318530797958374
0.519213855266571
0.5142895579338074
0.5168156623840332
0.5128594040870667
0.5219005942344666
0.5144407749176025
0.6369967460632324
0.5232924818992615
0.7692296504974365
0.5974842309951782
0.5151887536048889
0.6007105708122253
0.5343735218048096
0.6527506113052368
0.5969660878181458
0.5138902068138123
0.5701691508293152
0.6306309700012207
0.5363794565200806
0.6338293552398682
0.5995954871177673
0.7144364714622498
0.5481774210929871
0.5503177642822266
0.5839846730232239
0.5208850502967834
0.5579944252967834
0.5015900731086731
0.5378251075744629
0.6892639398574829
0.6571111083030701
0.6847983598709106
0.5992165803909302
0.5850435495376587
0.6373165845870972
0.5595460534095764
0.7007158994674683
0.5277539491653442
0.6635854244232178
0.5340842604637146
0.5064463019371033
0.6306256651878357
0.5537298917770386
0.5814565420150757
0.5647160410881042
0.6444287896156311
0.519804060459137
0.579480767250061
0.5137267708778381
0.661408007144928
0.5373715162277222
0.5258865356445312
0.6259734034538269
0.6806327104568481
0.5983394384384155
0.5514909625053406
0.5395058393478394
0.5179356336593628
0.5379090309143066
0.6371172070503235
0.5719597935676575
0.5998547673225403
0.6089199781417847
0.5194638967514038
0.5829769968986511
0.6561745405197144
0.5447839498519897
0.564430296421051
0.6630358695983887
0.5001986622810364
0.5427996516227722
0.5574299097061157
0.5805329084396362
0.6497530341148376
0.7189867496490479
0.7001677751541138
0.5285161137580872
0.6370251178741455
0.5885441303253174
0.5457618832588196
0.5370282530784607
0.5248174071311951
0.6651418805122375
0.6632917523384094
0.6584118008613586
0.6235523223876953
0.5592449903488159
0.6490345597267151
0.5781621336936951
0.6222781538963318
0.6312141418457031
0.5367208123207092
0.5044246912002563
0.5044219493865967
0.7071079015731812
0.5461191534996033
0.6298303604125977
0.5529057383537292
0.548353374004364
0.5325542688369751
0.5898580551147461
0.5023503303527832
0.5016514658927917
0.5627301931381226
0.5448381304740906
0.5600641369819641
0.5000149607658386
0.526930034160614
0.6477576494216919
0.5756569504737854
0.5624013543128967
0.7272948026657104
0.7309101223945618
0.5465109944343567
0.5490981340408325
0.6654940247535706
0.5277165174484253
0.5926628708839417
0.5223650336265564
0.5188708305358887
0.5278805494308472
0.6810810565948486
0.6529033780097961
0.5092058777809143
0.6614229679107666
0.6488882899284363
0.6043678522109985
0.5517598986625671
0.6691508889198303
0.5272578597068787
0.6255251169204712
0.5627250671386719
0.5953391790390015
0.5591482520103455
0.5870420932769775
0.5298666954040527
0.5197128653526306
0.5121438503265381
0.6084975600242615
0.5034874081611633
0.6156787276268005
0.5809848308563232
0.5370433926582336
0.5925322771072388
0.6525222659111023
0.7052468061447144
0.6081647872924805
0.5921077132225037
0.578883945941925
0.6484785079956055
0.5223044157028198
0.5839203000068665
0.5254720449447632
0.5021600127220154
0.5951792597770691
0.5702142715454102
0.5525002479553223
0.5945964455604553
0.5757520794868469
0.5126168131828308
0.5815640091896057
0.7833502292633057
0.6069519519805908
0.5223986506462097
0.5260167717933655
0.5492203831672668
0.5630938410758972
0.5184692144393921
0.5707274675369263
0.6278577446937561
0.6137465834617615
0.6303009986877441
0.5967824459075928
0.5650638341903687
0.5612812638282776
0.5541821122169495
0.5988283753395081
0.5648630261421204
0.5824390649795532
0.5034773349761963
0.5996414422988892
0.6202753186225891
0.536720335483551
0.5521676540374756
0.5910263061523438
0.5547256469726562
0.5161275863647461
0.7322506308555603
0.6732402443885803
0.6060999035835266
0.581716001033783
0.6062957644462585
0.5944443345069885
0.5762624144554138
0.5110145807266235
0.6436313390731812
0.6600503921508789
0.5464154481887817
0.6946648955345154
0.5177528858184814
0.687461793422699
0.5385801196098328
0.6264598369598389
0.5221683382987976
0.661985456943512
0.618301510810852
0.5110124945640564
0.5337131023406982
0.6259738802909851
0.5454128384590149
0.5297238230705261
0.70469731092453
0.523409366607666
0.6916104555130005
0.5055937767028809
0.731893002986908
0.6290345788002014
0.5396596789360046
0.5590700507164001
0.5230754017829895
0.583430826663971
0.5563904643058777
0.5961003303527832
0.5657886266708374
0.5719881057739258
0.6044178605079651
0.5693848729133606
0.5115336775779724
0.5870187282562256
0.5220522284507751
0.546587347984314
0.6859892010688782
0.5210676193237305
0.6401738524436951
0.6154141426086426
0.6144099831581116
0.5727925896644592
0.5178504586219788
0.6082873940467834
0.5345730781555176
0.5772708654403687
0.5995985269546509
0.6654193997383118
0.5606157779693604
0.5803951621055603
0.5897433161735535
0.5562422871589661
0.6843026876449585
0.514222264289856
0.5993183255195618
0.6190526485443115
0.6382815837860107
0.5600214004516602
0.5390599966049194
0.5051141977310181
0.6106635928153992
0.5208612084388733
0.5777930617332458
0.5494874119758606
0.5701889991760254
0.5427469611167908
0.6218053102493286
0.530030369758606
0.5151054859161377
0.6207520365715027
0.5098632574081421
0.5463603138923645
0.6043580174446106
0.6126492023468018
0.6191169023513794
0.6188793182373047
0.5120954513549805
0.6586125493049622
0.5451442003250122
0.6193777918815613
0.5692484378814697
0.6984400749206543
0.7043599486351013
0.5914496779441833
0.6003620624542236
0.5429894328117371
0.5525268316268921
0.5498909950256348
0.6073354482650757
0.604831337928772
0.5788857340812683
0.6219148635864258
0.6172345280647278
0.6710131764411926
0.6242250204086304
0.5069693326950073
0.5248444080352783
0.5384994149208069
0.5434153079986572
0.6606796979904175
0.5370832085609436
0.5668652653694153
0.5382570624351501
0.5535550117492676
0.5837461352348328
0.5086008906364441
0.6154521703720093
0.5029696226119995
0.650539219379425
0.5370074510574341
0.6808459162712097
0.595064640045166
0.5374365448951721
0.7262529134750366
0.559844434261322
0.5327252149581909
0.6677899360656738
0.630851149559021
0.5967891812324524
0.5702103972434998
0.7150962352752686
0.5023574829101562
0.6052897572517395
0.6747809052467346
0.514933168888092
0.5937559008598328
0.5471372604370117
0.5160403847694397
0.5566878318786621
0.759163498878479
0.5187574028968811
0.5333001017570496
0.5018807053565979
0.5741154551506042
0.5010020732879639
0.6296404004096985
0.5690255165100098
0.5735040307044983
0.5974900722503662
0.5741817951202393
0.6154698729515076
0.5746621489524841
0.5709129571914673
0.6616698503494263
0.7116738557815552
0.6813099980354309
0.5511417984962463
0.5036518573760986
0.6421068906784058
0.5459636449813843
0.520889937877655
0.6930692195892334
0.6943036317825317
0.5254966616630554
0.5531212687492371
0.5963212251663208
0.5442398190498352
0.5383906960487366
0.6589300632476807
0.5909053087234497
0.5178229212760925
0.6422587037086487
0.5433831214904785
0.519209086894989
0.7083439826965332
0.5725933313369751
0.6763497591018677
0.537652850151062
0.6975765824317932
0.683215856552124
0.5809630751609802
0.5934019088745117
0.5334643125534058
0.5376833081245422
0.5023293495178223
0.6260846257209778
0.5432100892066956
0.5650535821914673
0.5267578363418579
0.5650089383125305
0.6190831661224365
0.5357019305229187
0.532428503036499
0.7561365365982056
0.5409538745880127
0.5709227323532104
0.5678558349609375
0.5561484098434448
0.5384467244148254
0.5084948539733887
0.6841932535171509
0.562699556350708
0.6560113430023193
0.6282190680503845
0.5630545020103455
0.5184870362281799
0.5245088934898376
0.5133771300315857
0.6373093128204346
0.6460342407226562
0.5928860306739807
0.585201621055603
0.7026610970497131
0.518582820892334
0.5648326277732849
0.5126904845237732
0.545853853225708
0.5345032811164856
0.6424171924591064
0.5386080145835876
0.6031591296195984
0.5978211760520935
0.6477804780006409
0.5671367049217224
