0.519696056842804
0.6023340821266174
0.5051705241203308
0.612938642501831
0.6114495396614075
0.6249884963035583
0.5866597294807434
0.6976761221885681
0.6637643575668335
0.5716962814331055
0.5609654784202576
0.5898226499557495
0.5496882796287537
0.57694011926651
0.5250746607780457
0.582546055316925
0.5884703397750854
0.5954977869987488
0.5398083329200745
0.5141153335571289
0.7273377776145935
0.5808053612709045
0.5785530805587769
0.5949100852012634
0.5222744941711426
0.7873366475105286
0.6255817413330078
0.6316177845001221
0.5851702094078064
0.5354877710342407
0.5398989319801331
0.5440840721130371
0.5316419005393982
0.6494364738464355
0.5461568236351013
0.5840325355529785
0.5135120749473572
0.536572277545929
0.651172935962677
0.6425774097442627
0.6279689073562622
0.5865072011947632
0.5235857367515564
0.629790723323822
0.5400180220603943
0.5326076745986938
0.6026552319526672
0.6937393546104431
0.5617138743400574
0.7807495594024658
0.5556045770645142
0.5815512537956238
0.6986021995544434
0.566180408000946
0.5375124216079712
0.5901215076446533
0.6823464035987854
0.6304762363433838
0.5245979428291321
0.5070536732673645
0.6073147654533386
0.6139709949493408
0.5295571684837341
0.636927604675293
0.5592326521873474
0.556077241897583
0.6137390732765198
0.5343992114067078
0.5513797402381897
0.5860067009925842
0.5954628586769104
0.617559015750885
0.5462175607681274
0.8268305659294128
0.7445123195648193
0.6240360140800476
0.5144206285476685
0.6371654868125916
0.5383573770523071
0.5757963061332703
0.5672094225883484
0.6604781150817871
0.6214601993560791
0.5172605514526367
0.5488376021385193
0.5145879983901978
0.5694438815116882
0.5773962736129761
0.5391968488693237
0.6398014426231384
0.5005641579627991
0.6014423966407776
0.5233763456344604
0.6911336779594421
0.5468883514404297
0.6735981702804565
0.5279678106307983
0.6509522199630737
0.6937856674194336
0.523374617099762
0.5633811354637146
0.5065500736236572
0.5105352401733398
0.5215265154838562
0.5122794508934021
0.5440844893455505
0.6707420945167542
0.5114314556121826
0.7567659020423889
0.7094076871871948
0.5984592437744141
0.6326961517333984
0.5600182414054871
0.5089418292045593
0.6599347591400146
0.5398994088172913
0.5416551232337952
0.5027621388435364
0.5602744221687317
0.633180558681488
0.5176438093185425
0.6798246502876282
0.6015211939811707
0.5529029369354248
0.553973376750946
0.5532952547073364
0.5723688006401062
0.7688720226287842
0.6633366346359253
0.7114278078079224
0.606532633304596
0.5318164825439453
0.5456858277320862
0.5871689319610596
0.6878107786178589
0.6755523085594177
0.5193593502044678
0.5239807367324829
0.5706554055213928
0.6413705945014954
0.590729296207428
0.5303316116333008
0.5921521782875061
0.6238216161727905
0.5694796442985535
0.587444007396698
0.5729700326919556
0.6390825510025024
0.5956969261169434
0.5663939714431763
0.5172365307807922
0.517048716545105
0.5445849895477295
0.6580662727355957
0.6175517439842224
0.6577751636505127
0.7498993277549744
0.5807337164878845
0.5420926809310913
0.6175908446311951
0.5470559000968933
0.5737565159797668
0.5350539088249207
0.5398793816566467
0.5223948955535889
0.6828005313873291
0.6472886800765991
0.5300043225288391
0.6400126218795776
0.6257063150405884
0.5242480039596558
0.6269607543945312
0.5944578051567078
0.5058115124702454
0.5281922221183777
0.6625769138336182
0.6776604056358337
0.5641109347343445
0.656280517578125
0.5088104605674744
0.8405132293701172
0.8154124617576599
0.5834518671035767
0.6192415952682495
0.6954146027565002
0.5669704079627991
0.5069467425346375
0.6749622821807861
0.6744066476821899
0.5987778306007385
0.5101234912872314
0.6085975766181946
0.5977705121040344
0.5955362319946289
0.5454715490341187
0.5695582032203674
0.6310907006263733
0.5457581281661987
0.6862543225288391
0.6285828948020935
0.5732829570770264
0.5112394690513611
0.6211581826210022
0.5809649229049683
0.6591557860374451
0.5302773714065552
0.6446323990821838
0.6309452056884766
0.6410710215568542
0.5091332197189331
0.5294971466064453
0.5232250690460205
0.6186265349388123
0.5999312996864319
0.5902737975120544
0.5948220491409302
0.5504816174507141
0.5172184705734253
0.5390805602073669
0.6500784754753113
0.7445650696754456
0.6182451248168945
0.6688060164451599
0.6548857092857361
0.5078027844429016
0.5110514760017395
0.5772890448570251
0.5275565981864929
0.6956482529640198
0.5355578660964966
0.6423022150993347
0.5728747248649597
0.7044439315795898
0.5401703119277954
0.669282853603363
0.5488138198852539
0.56257563829422
0.5609707236289978
0.7359347939491272
0.6760903596878052
0.5252922773361206
0.6052075624465942
0.6665794253349304
0.5597118735313416
0.6449596285820007
0.5664622783660889
0.6624529957771301
0.5661542415618896
0.60804682970047
0.7038577198982239
0.5065867900848389
0.5250619649887085
0.5607160925865173
0.6967472434043884
0.5245088338851929
0.6193492412567139
0.7373396158218384
0.6218885779380798
0.5455657243728638
0.5085868835449219
0.5073302984237671
0.5477257966995239
0.6408578753471375
0.5236009955406189
0.5817388296127319
0.5534100532531738
0.6804296374320984
0.5627722144126892
0.5985990166664124
0.5987895727157593
0.6681936979293823
0.5073678493499756
0.6043403744697571
0.5084496140480042
0.5460388660430908
0.5927760601043701
0.5409295558929443
0.6405594944953918
0.5088472366333008
0.5680617690086365
0.5323720574378967
0.5226796269416809
0.5073082447052002
0.5465524196624756
0.5465449690818787
0.5831535458564758
0.5357983708381653
0.537726104259491
0.5187928080558777
0.515125572681427
0.5116854310035706
0.6300185322761536
0.6435566544532776
0.5117596983909607
0.5445910096168518
0.6326168179512024
0.6254816055297852
0.6260716319084167
0.5872825384140015
0.5052486062049866
0.5226606130599976
0.5724588632583618
0.6787008047103882
0.5646461248397827
0.6157923340797424
0.5713585019111633
0.5992848873138428
0.6187591552734375
0.6699106693267822
0.5739657282829285
0.5764902830123901
0.6211894750595093
0.6641774773597717
0.6002565026283264
0.6069349646568298
0.5323797464370728
0.5804813504219055
0.5167310237884521
0.500135064125061
0.5383393168449402
0.5379337072372437
0.5514669418334961
0.5949169397354126
0.6110767126083374
0.5889988541603088
0.6088149547576904
0.5205764770507812
0.696321964263916
0.7323012351989746
0.5968454480171204
0.6100719571113586
0.6117517352104187
0.6373852491378784
0.6190279722213745
0.5760772228240967
0.5494730472564697
0.5620930194854736
0.5969704389572144
0.5053831934928894
0.7229344248771667
0.5710082650184631
0.5397112369537354
0.5864737033843994
0.6282566785812378
0.7142646312713623
0.614322304725647
0.5224154591560364
0.5091298818588257
0.5103035569190979
0.5584027171134949
0.5535731911659241
0.5751720070838928
0.545433521270752
0.5390099287033081
0.5582420825958252
0.6395902037620544
0.586216926574707
0.5142002701759338
0.5327875018119812
0.6180586814880371
0.526798665523529
0.705415666103363
0.5077982544898987
0.5264259576797485
0.5401247143745422
0.5476304292678833
0.5883857607841492
0.5253943800926208
0.5892424583435059
0.6323511600494385
0.554420530796051
0.7222462296485901
0.5980563163757324
0.6705788969993591
0.6308531165122986
0.6327369809150696
0.5188901424407959
0.513945460319519
0.6238318085670471
0.6990669965744019
0.5298544764518738
0.7143415808677673
0.5632526278495789
0.6395728588104248
0.6050027012825012
0.5345757603645325
0.6666561961174011
0.5394710898399353
0.5364963412284851
0.5173420310020447
0.5034716129302979
0.6948834657669067
0.6088780164718628
0.6305975317955017
0.5910762548446655
0.5857972502708435
0.504933774471283
0.5077804327011108
0.6078084707260132
0.528296709060669
0.6455375552177429
0.5120959281921387
0.5611546039581299
0.5805610418319702
0.7017942070960999
0.6817623376846313
0.5012200474739075
0.5079166889190674
0.5761010050773621
0.663672924041748
0.5442181825637817
0.5195960402488708
0.5766371488571167
0.5555954575538635
0.5250875353813171
0.6741170883178711
0.5487880110740662
0.7221406698226929
0.6750398874282837
0.5689560770988464
0.6405550241470337
0.6554024815559387
0.5571233630180359
0.7104137539863586
0.6908802390098572
0.7177579402923584
0.5854721069335938
0.5685257911682129
0.7326934337615967
0.5878490209579468
0.5559452772140503
0.5265495777130127
0.6147293448448181
0.645698606967926
0.6635368466377258
0.5290031433105469
0.6499173045158386
0.6436282396316528
0.6037625670433044
0.5212355852127075
0.6278193593025208
0.5871443152427673
0.5285536646842957
0.6150953769683838
0.5123568177223206
0.5863045454025269
0.6542544364929199
0.6819762587547302
0.5378472208976746
0.5365095138549805
0.5985661149024963
0.5118907690048218
0.5149752497673035
0.5398499965667725
0.6291327476501465
0.5703682899475098
0.5361246466636658
0.5624656081199646
0.6846596002578735
0.6214436888694763
0.7391762733459473
0.6927661299705505
0.618373692035675
0.5221942663192749
0.551360547542572
0.5190333127975464
0.6301367282867432
0.6890503168106079
0.6057314872741699
0.5427714586257935
0.6051822304725647
0.5930765867233276
0.5288981795310974
0.6306474208831787
0.5133739113807678
0.5454117655754089
0.5307155251502991
0.5932964086532593
0.7534278631210327
0.5637901425361633
0.5821008086204529
0.6231681108474731
0.5463038682937622
0.756774365901947
0.5035902857780457
0.5206733345985413
0.6898878216743469
0.5002713799476624
0.6002713441848755
0.6334722638130188
0.692897379398346
0.6469562649726868
0.6068015694618225
0.5431803464889526
0.5996988415718079
0.5407345294952393
0.5330384373664856
0.5713922381401062
0.6801681518554688
0.5147419571876526
0.5728102326393127
0.7758475542068481
0.517500102519989
0.6866927742958069
0.5332208275794983
0.5731578469276428
0.6571280360221863
0.5117954015731812
0.5533978939056396
0.5386289954185486
0.532651424407959
0.6067800521850586
0.5759866833686829
0.5410116910934448
0.5582329034805298
0.6280710697174072
0.6475021839141846
0.6709110736846924
0.5066696405410767
0.634532630443573
0.5695634484291077
0.571102499961853
0.5728234052658081
0.5851649641990662
0.5965264439582825
0.6161287426948547
0.7822213172912598
0.6226437091827393
0.5190597772598267
0.5328326225280762
0.5888228416442871
0.5727826356887817
0.6048727631568909
0.7277716994285583
0.6391277313232422
0.6067637205123901
0.709400475025177
0.6701478958129883
0.528936505317688
0.6019534468650818
0.6031910181045532
0.5439210534095764
0.5143153071403503
0.5934193134307861
0.5455414056777954
0.6315307021141052
0.5228230357170105
0.5383484959602356
0.5489233136177063
0.6928383111953735
0.5713573694229126
0.5682702660560608
0.5322211384773254
0.5714308023452759
0.6079630851745605
0.5128216743469238
0.6941311955451965
0.5189023017883301
0.7010524868965149
0.6697850823402405
0.633976399898529
0.6875700950622559
0.5711972117424011
0.6115944385528564
0.8559118509292603
0.601052463054657
0.5047194957733154
0.5094501972198486
0.5661423206329346
0.527243971824646
0.5162761211395264
0.5876309275627136
0.6668792963027954
0.6492825150489807
0.5902182459831238
0.5366854071617126
0.7025126218795776
0.6824744939804077
0.549239993095398
0.6693834662437439
0.506176769733429
0.5166223049163818
0.5246358513832092
0.7729987502098083
0.5160756707191467
0.5772402882575989
0.5068385004997253
0.5023524761199951
0.5884089469909668
0.6001612544059753
0.6545133590698242
0.6084070205688477
0.783357560634613
0.5263100266456604
0.5291717648506165
0.6949422955513
0.5138802528381348
0.5319052934646606
0.7769789099693298
0.543829083442688
0.5200504064559937
0.5703966617584229
0.5074941515922546
0.5882688760757446
0.5032426118850708
0.5150696635246277
0.5760789513587952
0.6252687573432922
0.5339494347572327
0.5207751393318176
0.5129102468490601
0.5669664144515991
0.559352457523346
0.5260377526283264
0.5170618295669556
0.6143324971199036
0.6289682388305664
0.6737372279167175
0.5435328483581543
0.6304109692573547
0.540701687335968
0.5245665907859802
0.5131348967552185
0.554492175579071
0.515530526638031
0.6522372364997864
0.5069469809532166
0.573276698589325
0.5249636173248291
0.548706591129303
0.616823673248291
0.6116819977760315
0.6032910346984863
0.6567588448524475
0.5680002570152283
0.5762820839881897
0.5479579567909241
0.6781443953514099
0.5865092873573303
0.6659443378448486
0.5682167410850525
0.5115127563476562
0.5588313937187195
0.5822210311889648
0.5381945371627808
0.5183032751083374
0.5920777916908264
0.6826156973838806
0.5590865015983582
0.5930968523025513
0.5266308188438416
0.5232090950012207
0.6951087117195129
0.6977407932281494
0.5766366124153137
0.6064281463623047
0.5161608457565308
0.6233760118484497
0.5648422837257385
0.6346863508224487
0.7250959873199463
0.6268552541732788
0.5158568620681763
0.5563332438468933
0.5901122093200684
0.5758805274963379
0.6826584339141846
0.6602510213851929
0.61142897605896
0.5950713753700256
0.6119012236595154
0.5187944769859314
0.6171420216560364
0.6027199625968933
0.5420587658882141
0.5388163328170776
0.6283476948738098
0.5732616186141968
0.6770064234733582
0.5649064183235168
0.5643763542175293
0.606231153011322
0.5571721792221069
0.581305980682373
0.5108398795127869
0.626413881778717
0.5983232259750366
0.5646052360534668
0.5652768015861511
0.538722038269043
0.5855007171630859
0.5478492379188538
0.5740875601768494
0.5342676639556885
0.5619556903839111
0.5317161679267883
0.5441523790359497
0.587063193321228
0.5309932231903076
0.5801328420639038
0.5117889642715454
0.5377753376960754
0.5353235602378845
0.5926283001899719
0.5028895139694214
0.6373962163925171
0.5001518130302429
0.6104661822319031
0.6917842030525208
0.5378531813621521
0.500347912311554
0.5141351819038391
0.6800368428230286
0.694499671459198
0.7406064867973328
0.5848996043205261
0.5960596799850464
0.5149949789047241
0.5523909330368042
0.5099692940711975
0.5625532269477844
0.738832414150238
0.5479241013526917
0.5820683240890503
0.5604991912841797
0.582176923751831
0.6562740802764893
0.7158361673355103
0.5505986213684082
0.5910639762878418
0.5896809101104736
0.5617015361785889
0.6491811275482178
0.5074597001075745
0.6853002309799194
0.5652141571044922
0.5855006575584412
0.609390377998352
0.597427487373352
0.6427322030067444
0.5775855183601379
0.5759081840515137
0.5028430819511414
0.7986199855804443
0.5097701549530029
0.5810528993606567
0.5015769004821777
0.6611528396606445
0.6254931092262268
0.6042652130126953
0.5744737386703491
0.7466644048690796
0.5802637338638306
0.5769339799880981
0.7285360097885132
0.5369254350662231
0.5491575002670288
0.5023263692855835
0.5090241432189941
0.5794894099235535
0.6132599711418152
0.5570204257965088
0.5103771686553955
0.769618809223175
0.5187135934829712
0.538873553276062
0.5643582940101624
0.6085258722305298
0.6116360425949097
0.5744969248771667
0.5542751550674438
0.6321097612380981
0.5321879386901855
0.59194415807724
0.5812063217163086
0.6177594065666199
0.7018774151802063
0.5617282390594482
0.5996131896972656
0.7007729411125183
0.503753662109375
0.6918199062347412
0.5959761738777161
0.6415963768959045
0.5551398396492004
0.6077535152435303
0.5527495741844177
0.6031761765480042
0.6462026238441467
0.5125478506088257
0.7012660503387451
0.5615257024765015
0.5591585040092468
0.525810956954956
0.5240159034729004
0.6613099575042725
0.5280307531356812
0.5044754147529602
0.6086481809616089
0.5971154570579529
0.5952314734458923
0.587766706943512
0.5756555199623108
0.5375959277153015
0.5648587942123413
0.6210745573043823
0.5116569399833679
0.565604567527771
0.5528711080551147
0.5399406552314758
0.5440157651901245
0.5996318459510803
0.5367065072059631
0.5979297161102295
0.6376636624336243
0.6143693923950195
0.6586850881576538
0.576612114906311
0.66878342628479
0.6298563480377197
0.5298595428466797
0.5032123327255249
0.6296018362045288
0.7303070425987244
0.6611946821212769
0.5860750079154968
0.5634382367134094
0.5512011647224426
0.5492655634880066
0.5666639804840088
0.5847203731536865
0.5658276677131653
0.7025632262229919
0.593479335308075
0.5208487510681152
0.6440938115119934
0.777321994304657
0.6407927870750427
0.536095380783081
0.5758281946182251
0.5390756130218506
0.5260072946548462
0.5362206101417542
0.6167185306549072
0.5773818492889404
0.5692055225372314
0.5192718505859375
0.5404937863349915
0.5536086559295654
0.5831297039985657
0.5028996467590332
0.5343478322029114
0.6179448962211609
0.5917957425117493
0.7343246936798096
0.5022756457328796
0.5933051705360413
0.5609899759292603
0.5610295534133911
0.5501253008842468
0.616352379322052
0.7054946422576904
0.7694275975227356
0.5860559344291687
0.5444588661193848
0.7013179063796997
0.5353148579597473
0.7678699493408203
0.6502204537391663
0.6934046745300293
0.6147979497909546
0.6968837380409241
0.6801583766937256
0.6965822577476501
0.508171796798706
0.5290579199790955
0.513698160648346
0.6917057037353516
0.545883297920227
0.6312971711158752
0.5138278007507324
0.5867661833763123
0.5206838250160217
0.6826105117797852
0.5279528498649597
0.719423234462738
0.5904214382171631
0.6470513343811035
0.6185625195503235
0.6095776557922363
0.6356351971626282
0.6006168127059937
0.6267407536506653
0.7075303196907043
0.5525962710380554
0.5157808661460876
0.606217622756958
0.5272613167762756
0.5340785384178162
0.634779155254364
0.6135160326957703
0.5134539008140564
0.6046085953712463
0.5726522207260132
0.5443549156188965
0.603442907333374
0.570489764213562
0.5071050524711609
0.5920283794403076
0.6437652111053467
0.6099860072135925
0.5019662976264954
0.7701963782310486
0.5937049388885498
0.5301423072814941
0.5428827404975891
0.6308286190032959
0.5406502485275269
0.5465766191482544
0.5747391581535339
0.6390213370323181
0.5188910961151123
0.5747008919715881
0.5159213542938232
0.6438228487968445
0.671255350112915
0.5381060838699341
0.565085232257843
0.5314925909042358
0.5199259519577026
0.5425787568092346
0.5421664118766785
0.5831201076507568
0.6336169838905334
0.5187849998474121
0.592266321182251
0.5388553738594055
0.6158849596977234
0.5850095152854919
0.5390188694000244
0.6432279944419861
0.5718362331390381
0.5852084159851074
0.5041307210922241
0.5059345364570618
0.5482544302940369
0.6415112614631653
0.5179738998413086
0.6128367781639099
0.588672399520874
0.5919398069381714
0.6529297828674316
