0.5610104203224182
0.5053993463516235
0.6058341860771179
0.6176466941833496
0.6373717188835144
0.7498905062675476
0.5354505181312561
0.6167632341384888
0.6530547142028809
0.5321498513221741
0.5844187140464783
0.6635510325431824
0.50014728307724
0.5535621643066406
0.5541945695877075
0.5967053771018982
0.5369883179664612
0.5765833258628845
0.6997424960136414
0.5172333121299744
0.739661693572998
0.5818324089050293
0.5415149331092834
0.5385028719902039
0.6210095286369324
0.5175495743751526
0.55794757604599
0.615604817867279
0.5927141904830933
0.5087436437606812
0.6140983700752258
0.6432973146438599
0.556801438331604
0.649134635925293
0.572730541229248
0.5705569386482239
0.7802718877792358
0.6930798888206482
0.5932134985923767
0.6331581473350525
0.6854584813117981
0.5628754496574402
0.6589220762252808
0.5573639869689941
0.6179375052452087
0.5961580872535706
0.5731438398361206
0.5471250414848328
0.541151762008667
0.5682507157325745
0.5217908024787903
0.6690880060195923
0.5904673337936401
0.6083950996398926
0.7362918257713318
0.6483069658279419
0.6945315599441528
0.5153270959854126
0.5874209403991699
0.7803534269332886
0.5994728207588196
0.510274350643158
0.5056048035621643
0.5388702750205994
0.5521295666694641
0.5246049761772156
0.6914096474647522
0.5975543856620789
0.6475768089294434
0.5906693935394287
0.5607739686965942
0.6191843748092651
0.5879800915718079
0.5802736878395081
0.686403751373291
0.5257295966148376
0.5365812182426453
0.5019348859786987
0.5930483937263489
0.6596195101737976
0.5354394912719727
0.753178060054779
0.6426674127578735
0.5426433086395264
0.5607290863990784
0.5771215558052063
0.7386758923530579
0.5847452282905579
0.5372430682182312
0.5536897778511047
0.5497448444366455
0.6863856911659241
0.5443926453590393
0.5480850338935852
0.5557043552398682
0.5502802729606628
0.6044343113899231
0.5890576243400574
0.5696491599082947
0.5602480173110962
0.6226488351821899
0.5445491075515747
0.525593101978302
0.825667142868042
0.6955873370170593
0.6091969013214111
0.5903910398483276
0.6199889779090881
0.6407086253166199
0.618485152721405
0.5407537221908569
0.509626567363739
0.6736655831336975
0.5547458529472351
0.6175733804702759
0.5101214051246643
0.6274170279502869
0.6137315630912781
0.6543070077896118
0.74275803565979
0.5091288089752197
0.6186615824699402
0.5376733541488647
0.5042410492897034
0.5334541201591492
0.5530725717544556
0.50815749168396
0.5974152684211731
0.6315299868583679
0.600943386554718
0.5161086320877075
0.6702910661697388
0.7681768536567688
0.6286801695823669
0.6459971070289612
0.6332442164421082
0.5496032238006592
0.6240006685256958
0.6247809529304504
0.6227718591690063
0.6765151619911194
0.5410111546516418
0.7148803472518921
0.5711563229560852
0.6323037147521973
0.5343296527862549
0.5435892343521118
0.5711862444877625
0.5160804390907288
0.5198183655738831
0.5682646632194519
0.5368891358375549
0.6385379433631897
0.6376333832740784
0.6705639958381653
0.5952359437942505
0.574461042881012
0.505435049533844
0.6344108581542969
0.6680516004562378
0.5229451656341553
0.5817577242851257
0.6346089839935303
0.7005317211151123
0.6902909874916077
0.6429158449172974
0.5544103384017944
0.7283852696418762
0.6210936903953552
0.5380245447158813
0.5642563104629517
0.6196171045303345
0.5580836534500122
0.7163175344467163
0.637043833732605
0.6480494141578674
0.5348424911499023
0.6263919472694397
0.5468646287918091
0.5910428166389465
0.6333560943603516
0.5613842010498047
0.5224843621253967
0.7185809016227722
0.6216244697570801
0.6839849948883057
0.5047584772109985
0.5058216452598572
0.6936922669410706
0.6956185102462769
0.641792893409729
0.792170524597168
0.5812740921974182
0.7240991592407227
0.6721489429473877
0.5988426804542542
0.5711181163787842
0.5393588542938232
0.7565845847129822
0.6542953848838806
0.580330491065979
0.5305655598640442
0.6563352942466736
0.5932042002677917
0.5372089147567749
0.5811339616775513
0.5618565082550049
0.5175498723983765
0.6398748159408569
0.6186881065368652
0.5359918475151062
0.7300430536270142
0.6022241711616516
0.5040138959884644
0.5391623973846436
0.5087676644325256
0.5179854035377502
0.5146335363388062
0.586412250995636
0.6539995670318604
0.5431920289993286
0.6968547105789185
0.5491175651550293
0.529805600643158
0.5604868531227112
0.5713528394699097
0.7029291391372681
0.535018265247345
0.6313539743423462
0.5043326020240784
0.5814363360404968
0.6253679394721985
0.5341681241989136
0.5616472959518433
0.5110417008399963
0.5304426550865173
0.5714408159255981
0.6769190430641174
0.5391373038291931
0.5652528405189514
0.5733235478401184
0.5313050746917725
0.5118604302406311
0.6168921589851379
0.5850407481193542
0.5883856415748596
0.5899872183799744
0.6093493700027466
0.7681283354759216
0.5593068599700928
0.5006406903266907
0.704312801361084
0.5694307684898376
0.5678409934043884
0.516084611415863
0.511946976184845
0.5712131857872009
0.6827229857444763
0.5085545778274536
0.5129960179328918
0.5122787356376648
0.5835593938827515
0.6492299437522888
0.5345884561538696
0.8164501190185547
0.6306203603744507
0.7637141346931458
0.6009703278541565
0.5151507258415222
0.6455913782119751
0.6435931921005249
0.5436081886291504
0.5303382873535156
0.5470037460327148
0.7864162921905518
0.5899264812469482
0.5558364391326904
0.6183357834815979
0.5882688760757446
0.5259413719177246
0.6679763197898865
0.5316199660301208
0.6584509015083313
0.6399238109588623
0.5324056148529053
0.5023103952407837
0.6677207350730896
0.6321232318878174
0.6320751309394836
0.7205207943916321
0.5672312378883362
0.5534566640853882
0.5880608558654785
0.6133623123168945
0.5576224327087402
0.8206665515899658
0.6905059814453125
0.5453037619590759
0.5741355419158936
0.5804571509361267
0.521455705165863
0.585997462272644
0.5605889558792114
0.5699394345283508
0.5719399452209473
0.6153364777565002
0.621225118637085
0.5512238144874573
0.5522993206977844
0.6488807201385498
0.6241054534912109
0.6050077676773071
0.5264561176300049
0.5652969479560852
0.5945223569869995
0.5025225877761841
0.6557145714759827
0.5757105946540833
0.5579724311828613
0.5355217456817627
0.5467774271965027
0.5479708909988403
0.5005164742469788
0.5580927729606628
0.6112076640129089
0.5401663780212402
0.6111801862716675
0.7085713744163513
0.5680121779441833
0.5715120434761047
0.5631670355796814
0.5196278691291809
0.5252342820167542
0.5538191795349121
0.7411253452301025
0.6817100644111633
0.5597448945045471
0.6476147174835205
0.5836723446846008
0.5139852166175842
0.6747009754180908
0.6721081733703613
0.701547384262085
0.5104672908782959
0.6595160961151123
0.5261885523796082
0.5144243836402893
0.6566108465194702
0.602492094039917
0.5252074003219604
0.5743509531021118
0.7951701879501343
0.6209816932678223
0.5799334645271301
0.6007049679756165
0.7153376340866089
0.5533735752105713
0.5122074484825134
0.5266486406326294
0.5781307816505432
0.6017786860466003
0.6220897436141968
0.5487444996833801
0.5126050710678101
0.529238224029541
0.5797908902168274
0.5146681666374207
0.7047158479690552
0.6265642046928406
0.5293084979057312
0.5403545498847961
0.5836415886878967
0.5912991166114807
0.5595821142196655
0.5320671200752258
0.5221307277679443
0.5486748218536377
0.5102108120918274
0.5525910258293152
0.6021534204483032
0.5174604058265686
0.5649091601371765
0.6247236728668213
0.5066144466400146
0.6796878576278687
0.5604179501533508
0.6025683879852295
0.556542158126831
0.5583104491233826
0.5416206121444702
0.5184929370880127
0.5203765034675598
0.5023355484008789
0.6088235974311829
0.5437804460525513
0.5419058799743652
0.5794248580932617
0.5716217756271362
0.5177689790725708
0.5614842772483826
0.5523503422737122
0.6241218447685242
0.5387455821037292
0.5886297225952148
0.6391586065292358
0.5092208385467529
0.5831688642501831
0.516434371471405
0.5484902858734131
0.5316058993339539
0.6930145025253296
0.7702497243881226
0.6769610643386841
0.5366635918617249
0.700951099395752
0.635071873664856
0.5103417038917542
0.5966663956642151
0.6997079849243164
0.5470402836799622
0.5335569977760315
0.5808059573173523
0.5534186959266663
0.5095139145851135
0.6185261607170105
0.7462696433067322
0.7826083302497864
0.5873615741729736
0.5073958039283752
0.6574544906616211
0.691286027431488
0.5035262703895569
0.630925714969635
0.5772122144699097
0.6143112778663635
0.5094212889671326
0.5189616084098816
0.5965325832366943
0.5919369459152222
0.5568744540214539
0.6316706538200378
0.5079225897789001
0.5175836086273193
0.6311494708061218
0.7092946767807007
0.5132779479026794
0.596429705619812
0.5526437163352966
0.5395220518112183
0.7331700325012207
0.5646768808364868
0.5055829882621765
0.652986466884613
0.7439015507698059
0.6712173819541931
0.6062590479850769
0.6407340168952942
0.6542033553123474
0.6454375982284546
0.7191621661186218
0.5007134675979614
0.6362231969833374
0.5498722791671753
0.5115216970443726
0.7684751152992249
0.5011645555496216
0.5451682209968567
0.6217273473739624
0.6956039667129517
0.510829508304596
0.6557325124740601
0.7703023552894592
0.5431610345840454
0.5706339478492737
0.6565752625465393
0.5267086625099182
0.567772626876831
0.5814762711524963
0.5696410536766052
0.5781446099281311
0.5620028376579285
0.6279087066650391
0.5986523032188416
0.5996804237365723
0.557397723197937
0.5923264622688293
0.5677335858345032
0.6134287714958191
0.5028617978096008
0.5717821717262268
0.6443719267845154
0.5035220980644226
0.5412940382957458
0.514595091342926
0.6406035423278809
0.528533935546875
0.5151135325431824
0.5828108191490173
0.6005651354789734
0.6587749123573303
0.5423541069030762
0.5230246782302856
0.6346688270568848
0.5230802893638611
0.522290050983429
0.6332355737686157
0.6316883563995361
0.5699394941329956
0.5786063075065613
0.7206507921218872
0.5429179072380066
0.5024446249008179
0.5060844421386719
0.6084399819374084
0.6117762923240662
0.6267068386077881
0.5267369747161865
0.5767599940299988
0.6340100765228271
0.6270026564598083
0.7339828014373779
0.5869277715682983
0.521933376789093
0.6951969265937805
0.5818704962730408
0.6770732998847961
0.6791574358940125
0.612585723400116
0.6341564655303955
0.5268402099609375
0.5624209046363831
0.7243428230285645
0.644658088684082
0.8100160360336304
0.5298932194709778
0.6070193648338318
0.6637290120124817
0.8044267296791077
0.5720084309577942
0.5492095351219177
0.5114046931266785
0.7656314969062805
0.5011053681373596
0.5753658413887024
0.5587434768676758
0.6652475595474243
0.5733213424682617
0.5725837349891663
0.6115490794181824
0.5509371757507324
0.5091989636421204
0.5424953699111938
0.5370330810546875
0.5384091138839722
0.519411563873291
0.5473841428756714
0.5720128417015076
0.6205094456672668
0.6031994223594666
0.5376373529434204
0.635047435760498
0.593128502368927
0.6349943280220032
0.5614898800849915
0.5276899933815002
0.724798858165741
0.5780870318412781
0.520636260509491
0.6770718693733215
0.576506495475769
0.5576638579368591
0.5217850804328918
0.5369622111320496
0.5661554336547852
0.5948045253753662
0.5027186274528503
0.5012586712837219
0.5070720911026001
0.5248224139213562
0.5607245564460754
0.542168140411377
0.6036769151687622
0.6027982234954834
0.578273355960846
0.5234342813491821
0.5786378383636475
0.5564708113670349
0.6501631140708923
0.5088876485824585
0.6372480988502502
0.5775759220123291
0.5876147747039795
0.5931509137153625
0.5594400763511658
0.6917827725410461
0.5322320461273193
0.5607860088348389
0.5178324580192566
0.5828099846839905
0.5226080417633057
0.6520699858665466
0.547091543674469
0.5501003265380859
0.6762983202934265
0.5889679193496704
0.5174944400787354
0.5840865969657898
0.5939666628837585
0.6968681812286377
0.5710689425468445
0.5750911235809326
0.5086990594863892
0.6128178238868713
0.5611937046051025
0.6732505559921265
0.6632713675498962
0.5299631953239441
0.6073268055915833
0.5595239400863647
0.6790573000907898
0.6979448199272156
0.5063084959983826
0.6717076897621155
0.6425808668136597
0.5041471719741821
0.5156961679458618
0.5932888388633728
0.5419949889183044
0.6916075944900513
0.6009727716445923
0.6592199206352234
0.5420884490013123
0.5885114669799805
0.6748321056365967
0.7328393459320068
0.6187217831611633
0.7016386389732361
0.7371975779533386
0.5655555129051208
0.5619709491729736
0.6590240597724915
0.5034565329551697
0.5873417854309082
0.5997337102890015
0.7712724208831787
0.5562737584114075
0.6637274026870728
0.5685569643974304
0.697899341583252
0.5076929926872253
0.5063601136207581
0.5029165148735046
0.5893591642379761
0.5118711590766907
0.6846146583557129
0.567409873008728
0.6131672859191895
0.5407257080078125
0.5276732444763184
0.5953478813171387
0.7141727805137634
0.5017908811569214
0.5785759687423706
0.5704031586647034
0.5038048028945923
0.6521923542022705
0.5954813361167908
0.6124186515808105
0.5127132534980774
0.6701324582099915
0.505101203918457
0.6760696172714233
0.5181276202201843
0.5840756893157959
0.562126100063324
0.6958050727844238
0.5181124806404114
0.6112032532691956
0.5737914443016052
0.6321980357170105
0.6049920320510864
0.6465293169021606
0.7291504740715027
0.585473895072937
0.6019690632820129
0.6219168305397034
0.6949871778488159
0.6860747933387756
0.5221244692802429
0.5246357917785645
0.6084659099578857
0.5090067386627197
0.5561515688896179
0.7153331637382507
0.6102790832519531
0.5384624600410461
0.6180645227432251
0.5851286053657532
0.5912233591079712
0.6498713493347168
0.6022249460220337
0.5260148644447327
0.552610456943512
0.5059430003166199
0.6108282208442688
0.5075759291648865
0.5449113845825195
0.5345913171768188
0.6611841320991516
0.730667769908905
0.5011638402938843
0.5294541716575623
0.6105454564094543
0.5811571478843689
0.5440807938575745
0.5586790442466736
0.5003137588500977
0.5897350907325745
0.6440526247024536
0.5463330149650574
0.5682770609855652
0.5421758890151978
0.6275205612182617
0.629638671875
0.6201432943344116
0.5666198134422302
0.5867181420326233
0.5658213496208191
0.7252897024154663
0.6390130519866943
0.6760984659194946
0.5458801984786987
0.5818647742271423
0.5829376578330994
0.6360755562782288
0.5087568163871765
0.5636976361274719
0.5441918969154358
0.6301623582839966
0.7048836946487427
0.608254611492157
0.5087926387786865
0.5049670338630676
0.6274821162223816
0.603279173374176
0.5180762410163879
0.5779500007629395
0.5476492643356323
0.6322108507156372
0.50872403383255
0.5266279578208923
0.5125513076782227
0.6010808944702148
0.544113278388977
0.5086949467658997
0.7219812870025635
0.5936161875724792
0.6296707391738892
0.6869738101959229
0.6130994558334351
0.5229455828666687
0.532455325126648
0.5768129229545593
0.5528252720832825
0.5133954286575317
0.5598529577255249
0.5791236758232117
0.6075663566589355
0.6377993822097778
0.6583585739135742
0.5728872418403625
0.5243801474571228
0.7392253279685974
0.5424646139144897
0.6473559737205505
0.6410472989082336
0.7083718180656433
0.5449379682540894
0.6087827086448669
0.5065444707870483
0.5078302621841431
0.5359818339347839
0.6181076169013977
0.5285422801971436
0.5713984370231628
0.531731367111206
0.5706408023834229
0.5365472435951233
0.5025308728218079
0.5975815057754517
0.6013534069061279
0.5428014397621155
0.5014945268630981
0.8595370650291443
0.5844003558158875
0.5848111510276794
0.6670015454292297
0.5031781792640686
0.5765547752380371
0.568003237247467
0.6255912184715271
0.5616607069969177
0.6165808439254761
0.5265007615089417
0.5275368094444275
0.5646628141403198
0.6099207401275635
0.5026741623878479
0.7316116094589233
0.5381811261177063
0.6439730525016785
0.6295189261436462
0.7526233792304993
0.5419186949729919
0.6380176544189453
0.5568936467170715
0.5525276064872742
0.71695476770401
0.6361234188079834
0.5719166994094849
0.6003042459487915
0.7219583988189697
0.5907261371612549
0.7710504531860352
0.5112699866294861
0.5706316232681274
0.5792843699455261
0.5122421979904175
0.5224069952964783
0.6544635891914368
0.5725454688072205
0.6076974272727966
0.5650143027305603
0.532839298248291
0.5652231574058533
0.6326943039894104
0.5614914298057556
0.5337477922439575
0.5071613788604736
0.6230320334434509
0.5099091529846191
0.5786083936691284
0.5439921021461487
0.6017805337905884
0.7267496585845947
0.7163058519363403
0.6252149939537048
0.5178160071372986
0.5700894594192505
0.5618577003479004
0.5120829343795776
0.5412764549255371
0.5635048151016235
0.5440641641616821
0.5132681131362915
0.5447620153427124
0.7317767143249512
0.5774365067481995
0.7320188283920288
0.6213617920875549
0.5095824003219604
0.6207539439201355
0.6065810322761536
0.5366933941841125
0.5306868553161621
0.5595651268959045
0.6628034114837646
0.5248798727989197
0.5581984519958496
0.5366862416267395
0.5668261647224426
0.6403168439865112
0.6166806817054749
0.6046880483627319
0.5580648183822632
0.6116008758544922
0.5375222563743591
0.5924584269523621
0.6639551520347595
0.5433807969093323
0.5653374791145325
0.5539771318435669
0.5099133253097534
0.5409144759178162
0.5483723878860474
0.5340224504470825
0.5947744846343994
0.5466817021369934
0.6797894239425659
0.5220161080360413
0.567741334438324
0.5538998246192932
0.6730830073356628
0.6595181226730347
0.6063873767852783
0.6003515124320984
0.5816769003868103
0.5554792881011963
0.5776422619819641
0.5865684151649475
0.543069064617157
0.7369356751441956
0.5934606790542603
0.6438062787055969
0.5196629762649536
0.5088985562324524
0.5628322958946228
0.659088671207428
0.6101466417312622
0.5187275409698486
0.6062549352645874
0.503173828125
0.5058550834655762
0.5372962951660156
0.7012938261032104
0.5083457231521606
0.6120039820671082
0.6171073317527771
0.6016044020652771
0.5595963001251221
0.6288291811943054
0.5411288738250732
0.5753952264785767
0.6559287905693054
0.5499595403671265
0.6377117037773132
0.724932849407196
0.5228732228279114
0.5464637279510498
0.6927386522293091
0.776750922203064
0.5382949113845825
0.554549515247345
0.5488353967666626
0.6312944293022156
0.5298156142234802
0.505012035369873
0.5973585247993469
0.5219341516494751
0.562699019908905
0.6641116142272949
0.5664216876029968
0.7284730672836304
0.5026707649230957
0.5115521550178528
0.5769111514091492
0.7491052746772766
0.5854622721672058
0.5358805656433105
0.6328215599060059
0.6287180185317993
0.611659049987793
0.5532389879226685
0.7786622047424316
0.718602180480957
0.5864517092704773
0.6068599224090576
0.6338919401168823
0.5716758370399475
0.568064272403717
0.6071047782897949
0.5537582635879517
0.5386368632316589
0.6051477789878845
0.6139842867851257
0.5229629278182983
0.5153151750564575
0.6437334418296814
0.6894441843032837
0.5776573419570923
0.5244343280792236
0.5143718719482422
0.605452835559845
0.5041695833206177
0.5390039086341858
0.6393030285835266
0.6337705254554749
0.526422381401062
0.52217036485672
0.5351349711418152
0.6062002182006836
0.5748052597045898
0.5275762677192688
0.6455612778663635
0.6128945350646973
0.6344541311264038
0.71807461977005
0.6198651790618896
0.7132956981658936
0.7386984825134277
0.6165691614151001
0.5634254813194275
0.5109527707099915
0.5165066123008728
0.6079291105270386
0.514052152633667
0.553205668926239
0.5319190621376038
0.5612185597419739
0.565055787563324
0.6360580921173096
0.533757746219635
0.6068804264068604
0.6057711243629456
0.5152026414871216
0.5994941592216492
0.6577081084251404
0.7194932699203491
0.5011996626853943
0.5298841595649719
0.5257535576820374
0.6937949657440186
0.5968250036239624
0.6467824578285217
0.7409229874610901
0.6422387361526489
0.5172157287597656
0.5233652591705322
0.5521999001502991
0.543896496295929
0.581967830657959
0.5940000414848328
0.5319933295249939
0.6475825309753418
0.7619680762290955
0.6053271889686584
0.5066174268722534
0.514150083065033
0.5672610998153687
0.5215115547180176
0.6051512360572815
0.5038235783576965
0.5334579944610596
0.6458813548088074
0.7144577503204346
0.6462211012840271
0.5420462489128113
0.5683905482292175
0.520307183265686
0.5668706893920898
0.5564303994178772
0.5129398107528687
0.5099210739135742
0.551633894443512
0.5237708687782288
0.5808051228523254
0.5625336170196533
0.6195166707038879
0.5624692440032959
0.5554482340812683
0.560528576374054
0.5891084671020508
0.6471364498138428
0.5487139821052551
0.5370059013366699
0.514288604259491
0.5243890285491943
0.580653727054596
0.5904808044433594
0.6285707354545593
0.5215944051742554
0.5167654156684875
0.6132844090461731
0.62510085105896
0.5257661938667297
0.5853411555290222
0.5296440124511719
0.6131287217140198
0.5525084137916565
0.5282185673713684
0.5730840563774109
0.5529695153236389
0.5547455549240112
0.5504668951034546
0.6469117403030396
0.5950201153755188
0.5732329487800598
0.5438087582588196
0.5078418254852295
0.5478367209434509
0.5442841649055481
0.5297313332557678
0.5140240788459778
0.5692458152770996
0.5127664804458618
0.5601853728294373
0.5217389464378357
0.5617144107818604
0.5888684391975403
0.6251369714736938
0.5235031247138977
0.7011194825172424
0.5392816662788391
0.5763992667198181
0.6808756589889526
0.5885770320892334
0.6066778302192688
0.694288432598114
0.7170975208282471
0.5298224687576294
0.5983946323394775
0.5121508240699768
0.5054033398628235
0.5490729212760925
0.5671471953392029
0.5053731203079224
0.6191279888153076
0.5465372800827026
0.5670703649520874
0.7786433100700378
0.5040510296821594
0.5974122285842896
0.554415225982666
0.5486095547676086
0.5393467545509338
0.7033801078796387
0.5711172223091125
0.5810390114784241
0.5066072940826416
0.6586573123931885
0.5861241817474365
0.5887382626533508
0.7003152966499329
0.5655014514923096
0.5147883296012878
0.7030178904533386
0.5475721955299377
0.6064534783363342
0.5487173199653625
0.5883641839027405
0.5299029350280762
0.5113414525985718
0.6040968298912048
0.5909692049026489
0.5648965835571289
0.5126345753669739
0.535768985748291
0.539975643157959
0.5112795233726501
0.503101110458374
0.6347803473472595
0.6657024025917053
0.6447985172271729
0.7694525718688965
0.5049801468849182
0.586361289024353
0.6379672288894653
0.5047870874404907
0.5730593204498291
0.5056988596916199
0.538101851940155
0.56399005651474
0.5939905047416687
0.6655404567718506
0.6007397770881653
0.6892070770263672
0.7482576966285706
0.6558768153190613
0.5232275724411011
0.6577130556106567
0.7726418375968933
0.6668409109115601
0.6972948908805847
0.6689905524253845
0.6595485806465149
0.5251376628875732
0.5784133076667786
0.6694192290306091
0.5861634016036987
0.6476717591285706
0.6306754350662231
0.5781121850013733
0.5115851163864136
0.7527109980583191
0.638808012008667
0.5127585530281067
0.6077753901481628
0.7838355898857117
0.5744033455848694
0.6959977149963379
0.537363588809967
0.6230924725532532
0.5281891822814941
0.6549584269523621
0.6509408950805664
0.6164160370826721
0.5795059204101562
0.5416523814201355
0.5579982399940491
0.5522781610488892
0.5782014727592468
0.5107696056365967
0.5250825881958008
0.7090316414833069
0.5422316789627075
0.5261538624763489
0.5487239956855774
0.6752904653549194
0.5817366242408752
0.5548424124717712
0.5006129741668701
0.5283752679824829
0.5297288298606873
0.5036884546279907
0.5844650864601135
0.532516598701477
0.5933752059936523
0.598764955997467
0.563667893409729
0.638794481754303
0.6174958944320679
0.5905682444572449
0.6419585347175598
0.531211793422699
0.7095173597335815
0.5520765781402588
0.7352941632270813
0.5806700587272644
0.6400929093360901
0.5537210702896118
0.5650368332862854
0.5515222549438477
0.6013612747192383
0.5325873494148254
0.6283213496208191
0.6108686327934265
0.53069007396698
0.517859160900116
0.6259588003158569
0.7031159400939941
0.6206995248794556
0.5798695087432861
0.5415040254592896
0.6813821196556091
0.6584116220474243
0.6218883395195007
0.5034925937652588
0.6220649480819702
0.5607013702392578
0.5616023540496826
0.6844033002853394
0.5218513011932373
0.5179126858711243
0.5108294486999512
0.5443721413612366
0.5704076886177063
0.5940486788749695
0.6221520304679871
0.5036671757698059
0.5756886601448059
0.5212079882621765
0.5994619727134705
0.5762894153594971
0.547939658164978
0.524468719959259
0.5667678713798523
0.5909033417701721
0.5881773829460144
0.5344518423080444
0.6078941226005554
0.6141157150268555
0.6209229230880737
0.5152392387390137
0.5022053718566895
0.6061893105506897
0.6002675890922546
0.5192770957946777
0.5414321422576904
0.5922484397888184
0.5972279906272888
0.5425205826759338
0.672120213508606
0.5998690128326416
0.6442834734916687
0.6303250789642334
0.6559889316558838
0.5407640933990479
0.7044447064399719
0.6543421745300293
0.5220808982849121
0.5034652352333069
0.6420878171920776
0.514579713344574
0.6266900300979614
0.5187657475471497
0.5411260724067688
0.5926070213317871
0.7348982691764832
0.6471409201622009
0.5510397553443909
0.523678183555603
0.7166807651519775
0.529956042766571
0.6776986122131348
0.6058001518249512
0.676956295967102
0.5153842568397522
0.5090804100036621
0.574087381362915
0.6791021227836609
0.5394604206085205
0.5434021949768066
0.5519095063209534
0.7079833149909973
0.5130199790000916
0.5954630970954895
0.7210383415222168
0.5263247489929199
0.6404985189437866
0.5767499208450317
0.503470242023468
0.6686918139457703
0.6423037648200989
0.588203489780426
0.6399380564689636
0.6862838268280029
0.5987423658370972
0.5351966619491577
0.5918471217155457
0.5903558135032654
0.5402160882949829
0.5559685230255127
0.6487945914268494
0.5248069167137146
0.6275739669799805
0.7401919960975647
0.5748569965362549
0.6123974323272705
0.6404904127120972
0.5670238137245178
0.5080949664115906
0.55960613489151
0.5669515132904053
0.5110245943069458
0.5979514122009277
0.7737220525741577
0.5640578866004944
0.5149484872817993
0.5134525299072266
0.545141875743866
0.8003108501434326
0.6038678884506226
0.5278857946395874
0.5267186164855957
0.6087436676025391
0.6194373965263367
0.5199480652809143
0.5674766898155212
0.6225026249885559
0.5921579003334045
0.5555225610733032
0.5122087597846985
0.6241037845611572
0.6088034510612488
0.594842255115509
0.6367740631103516
0.6546929478645325
0.5216686725616455
0.5267900824546814
0.6961575746536255
0.610284686088562
0.5411344170570374
0.5692756772041321
0.5235709547996521
0.6984900236129761
0.6558876633644104
0.5845123529434204
0.6357267498970032
0.5977891683578491
0.6563017964363098
0.511105477809906
0.6089489459991455
0.5620647072792053
0.7304628491401672
0.5864961743354797
0.5185071229934692
0.6109070777893066
0.5448282957077026
0.5930595397949219
0.7019991874694824
0.5807300209999084
0.5871980786323547
0.635297417640686
0.5412502884864807
0.510471522808075
0.5307323932647705
0.589747965335846
0.6322616338729858
0.633376955986023
0.5265176892280579
0.5701544880867004
0.7796728610992432
0.5630739331245422
0.5361508131027222
0.5625107288360596
0.5090758204460144
0.5009639263153076
0.5674512386322021
0.8005291223526001
0.6326075792312622
0.5447330474853516
0.5626511573791504
0.5543047189712524
0.5821956396102905
0.6348884105682373
0.6703975796699524
0.5448532700538635
0.6463392972946167
0.5341143608093262
0.7379075288772583
0.572041392326355
0.708553671836853
0.5082761645317078
0.5487270951271057
0.7222174406051636
0.5833237767219543
0.8102957010269165
0.6916811466217041
0.5876960158348083
0.6703199148178101
0.5572674870491028
0.585446298122406
0.7368590235710144
0.5666353702545166
0.6020427942276001
0.5239554643630981
0.6863256096839905
0.5394457578659058
0.5606274008750916
0.5147851705551147
0.5423541069030762
0.5093111395835876
0.6020089983940125
0.5075467824935913
0.5330261588096619
0.7632018327713013
0.5843493342399597
0.5524066090583801
0.5563470125198364
0.576826810836792
0.6141413450241089
0.5717325806617737
0.6578025817871094
0.7079339623451233
0.5110450387001038
0.5894508957862854
0.6041527390480042
0.6061288714408875
0.6242139935493469
0.508800208568573
0.5911804437637329
0.6626560688018799
0.5423435568809509
0.5863151550292969
0.6635326147079468
0.5278424620628357
0.6166453957557678
0.5602319240570068
0.5360432863235474
0.6486584544181824
0.5804054141044617
0.7196381688117981
0.5648190379142761
0.5598350167274475
0.7244111895561218
0.5071616172790527
0.5918694138526917
0.6635803580284119
0.6232089400291443
0.5613259077072144
0.6825329065322876
0.6690024137496948
0.5365114212036133
0.5936805009841919
0.6049620509147644
0.5342594981193542
0.5424163341522217
0.6174712777137756
0.5635217428207397
0.6531547904014587
0.6375949382781982
0.6195532083511353
0.5289152264595032
0.5651547312736511
0.6222820281982422
0.6235854625701904
0.6099160313606262
0.5019396543502808
0.5745482444763184
0.5006214380264282
0.532440721988678
0.5456101894378662
0.6999629735946655
0.7019272446632385
0.5099933743476868
0.5360628366470337
0.5076714158058167
0.6249604821205139
0.5680527091026306
0.5451722741127014
0.5807702541351318
0.5226259231567383
0.5532032251358032
0.6162251830101013
0.6556692123413086
0.5620583891868591
0.5320173501968384
0.5071312189102173
0.6428012847900391
0.6420301795005798
0.5790256857872009
0.5735453963279724
0.6585564613342285
0.6588043570518494
0.5054753422737122
0.5414309501647949
0.5955862998962402
0.6468170881271362
0.6099355816841125
0.6365184783935547
0.5970520973205566
0.5316891074180603
0.5742902755737305
0.7503713965415955
0.5162217020988464
0.5122418403625488
0.5400686264038086
0.5979184508323669
0.571102499961853
0.6921286582946777
0.5162232518196106
0.6598969101905823
0.5392408967018127
0.5121853947639465
0.6677406430244446
0.5181277394294739
0.5724722146987915
0.6524354815483093
0.522641658782959
0.6697306036949158
0.6443654894828796
0.6770268082618713
0.6326484084129333
0.5259813070297241
0.5451892018318176
0.5906802415847778
0.5305048823356628
0.500664234161377
0.5248990058898926
0.5961856245994568
0.701268196105957
0.5208297967910767
0.6161689758300781
0.6711010336875916
0.6094586849212646
0.5469818711280823
0.5320419669151306
0.5447064638137817
0.5495715737342834
0.5747268795967102
0.6957054734230042
0.5281834006309509
0.5925722122192383
0.5055484175682068
0.5164494514465332
0.6254750490188599
0.548454999923706
0.667147696018219
0.5652317404747009
0.5144615769386292
0.5365025997161865
0.5023292303085327
0.5268458127975464
0.5439167022705078
0.7284857630729675
0.5162588953971863
0.6397138237953186
0.6341221332550049
0.5243228673934937
0.6601842045783997
0.5086561441421509
0.7034182548522949
0.548909068107605
0.6527530550956726
0.5070826411247253
0.5143225193023682
0.5484068393707275
0.5960819125175476
0.5555728673934937
0.631425142288208
0.557344913482666
0.7429697513580322
0.5860254168510437
0.5217577815055847
0.5109619498252869
0.6872207522392273
0.5788941383361816
0.5231522917747498
0.5703801512718201
0.6258388757705688
0.5670416951179504
0.5873382687568665
0.6893995404243469
0.5527086853981018
0.683574378490448
0.5917952060699463
0.5724775791168213
0.637951672077179
0.6706517934799194
0.7013403177261353
0.6235124468803406
0.5921041965484619
0.6438463926315308
0.5888060331344604
0.5063056945800781
0.6621177196502686
0.5348859429359436
0.5300852656364441
0.6974039077758789
0.5714437365531921
0.51027512550354
0.572987973690033
0.584233283996582
0.6095023155212402
0.5679041743278503
0.5667529106140137
0.6360318660736084
0.6089053750038147
0.5907556414604187
0.5017933249473572
0.5506604909896851
0.5810973048210144
0.5505600571632385
0.5161434412002563
0.6628077626228333
0.6493475437164307
0.6884382963180542
0.5294479131698608
0.5107403993606567
0.5879639387130737
0.5703349709510803
0.5288614630699158
0.5870736241340637
0.7002907991409302
0.5364336371421814
0.5198177695274353
0.6773293614387512
0.572033703327179
0.5611612200737
0.5689133405685425
0.556199312210083
0.6879903078079224
0.573721706867218
0.6455717086791992
0.534125030040741
0.7343009114265442
0.5069538950920105
0.5035824775695801
0.6056645512580872
0.5245245099067688
0.5035836696624756
0.5646045207977295
0.6586260795593262
0.5192923545837402
0.5064665079116821
0.5170027613639832
0.5445968508720398
0.5436699390411377
0.6086797118186951
0.5871343612670898
0.6296517848968506
0.5236430764198303
0.5512475371360779
0.7065108418464661
0.6184418201446533
0.6433142423629761
0.6899355053901672
0.6413800716400146
0.5101596713066101
0.5687517523765564
0.6391282677650452
0.6081398129463196
0.53622967004776
0.6513044834136963
0.5384065508842468
0.7603431344032288
0.5594157576560974
0.5882521271705627
0.6327198147773743
0.613770067691803
0.5824014544487
0.5283418297767639
0.695988655090332
0.5224162340164185
0.5583897233009338
0.6755564212799072
0.5857197642326355
0.633499801158905
0.5410387516021729
0.580330491065979
0.6019095182418823
0.6145558953285217
0.5805699229240417
0.5938055515289307
0.6572128534317017
0.5461327433586121
0.667262613773346
0.6021609306335449
0.5345931053161621
0.5959361791610718
0.5736445188522339
0.7250511646270752
0.5061550736427307
0.5511599779129028
0.5136854648590088
0.5856320858001709
0.5323710441589355
0.6114583611488342
0.7452602982521057
0.7013619542121887
0.5182592868804932
0.5450431704521179
0.5551594495773315
0.5865427851676941
0.6869526505470276
0.5567163228988647
0.7363715767860413
0.5101047158241272
0.6059762239456177
0.5161290168762207
0.8214023113250732
0.5700818300247192
0.6587622761726379
0.5217143297195435
0.541053295135498
0.5162070393562317
0.7332568168640137
0.5267656445503235
0.5378745794296265
0.6329590082168579
0.5116795301437378
0.6060128211975098
0.5551250576972961
0.584293782711029
0.5144240856170654
0.5526519417762756
0.6213909983634949
0.668571949005127
0.5789571404457092
0.5238792300224304
0.5461302995681763
0.6307523846626282
0.5971459150314331
0.5623266100883484
0.5881865620613098
0.5270310640335083
0.584408164024353
0.6817737817764282
0.5680474042892456
0.6672543883323669
0.5700415372848511
0.7133791446685791
0.5259221196174622
0.6296604871749878
0.5633375644683838
0.5124790668487549
0.6179520487785339
0.5997136831283569
0.6064983606338501
0.6537872552871704
0.5994181632995605
0.6662113666534424
0.5549589991569519
0.6018269062042236
0.6166070699691772
0.5555189847946167
0.5538157224655151
0.6689590215682983
0.8277474045753479
0.5509351491928101
0.6889274716377258
0.7136396169662476
0.6542618870735168
0.6610764861106873
0.6077872514724731
0.6150275468826294
0.5998710989952087
0.5611665844917297
0.578460156917572
0.5865646004676819
0.5252015590667725
0.5229057669639587
0.5803263187408447
0.622715175151825
0.7016246318817139
0.5652375817298889
0.5984965562820435
0.7069638967514038
0.5049046874046326
0.5761839747428894
0.716228723526001
0.6786883473396301
0.5231342911720276
0.5818793773651123
0.5389154553413391
0.5854878425598145
0.5289177894592285
0.6097527742385864
0.5926926136016846
0.6358336210250854
0.638692319393158
0.5313742756843567
0.524418294429779
0.6387055516242981
0.7195757031440735
0.5779103636741638
0.5108463168144226
0.5681985020637512
0.5131213068962097
0.5640547275543213
0.6398878693580627
0.5887715220451355
0.5049203634262085
0.5876291394233704
0.7134167551994324
0.6523001790046692
0.6587717533111572
0.5686739087104797
0.5193248391151428
0.6160773038864136
0.5477838516235352
0.6406786441802979
0.5514034628868103
0.6293102502822876
0.5006893873214722
0.5153820514678955
0.6229362487792969
0.520634651184082
0.557708740234375
0.6260815858840942
0.5387422442436218
0.5351467132568359
0.5535759925842285
0.5246891379356384
0.6237165927886963
0.5634344816207886
0.5855449438095093
0.5849756598472595
0.5776591300964355
0.6301917433738708
0.5994429588317871
0.6083440184593201
0.6568397283554077
0.5156192183494568
0.7374613285064697
0.5277552604675293
0.5153282880783081
0.6096537113189697
0.5535420179367065
0.6701639294624329
0.5170823335647583
0.6163707375526428
0.5501492619514465
0.5096724629402161
0.5534229278564453
0.5222405791282654
0.569821298122406
0.5972170233726501
0.6323565244674683
0.5126201510429382
0.5354446768760681
0.6427478194236755
0.5393031239509583
0.5595540404319763
0.6593793034553528
0.5013359785079956
0.6010708212852478
0.6187262535095215
0.576846182346344
0.6207979321479797
0.7928844690322876
0.5183315277099609
0.6208500266075134
0.6730548143386841
0.6829805970191956
0.6338485479354858
0.5359554290771484
0.6539677381515503
0.5685084462165833
0.5024219155311584
0.5195171236991882
0.6963078379631042
0.5361857414245605
0.5092880725860596
0.5580657124519348
0.6689484119415283
0.5191808342933655
0.57681804895401
0.5726005434989929
0.5682905912399292
0.5456627011299133
0.7412710189819336
0.6199433207511902
0.6179946660995483
0.5605471730232239
0.5015467405319214
0.7362886667251587
0.5372210741043091
0.6067078709602356
0.6237099170684814
0.6162233948707581
0.6641575694084167
0.5632656216621399
0.58671635389328
0.5906163454055786
0.5276565551757812
0.6235216856002808
0.6513883471488953
0.5379871129989624
0.81585294008255
0.5564801096916199
0.5927630662918091
0.6552070379257202
0.5784896612167358
0.5425549149513245
0.5592789649963379
0.5180329084396362
0.5722440481185913
0.7259870171546936
0.6730543971061707
0.5474100708961487
0.6189830303192139
0.6271473169326782
0.6235897541046143
0.640358030796051
0.5153124332427979
0.6993337869644165
0.549809455871582
0.5984304547309875
0.7014974355697632
0.5094570517539978
0.5392051339149475
0.5844554901123047
0.5122331976890564
0.6041055917739868
0.5159071087837219
0.6669585704803467
0.5825575590133667
0.744364321231842
0.5761592388153076
0.5730231404304504
0.5328788161277771
0.5553223490715027
0.652633011341095
0.5569100975990295
0.5214614272117615
0.5545696020126343
0.5014210939407349
0.5472567081451416
0.5681653022766113
0.6229824423789978
0.5763086676597595
0.530076801776886
0.5502070188522339
0.5619919896125793
0.566311240196228
0.5107536315917969
0.5451059937477112
0.5706998705863953
0.5108223557472229
0.5472471714019775
0.6608598828315735
0.5625282526016235
0.6229071021080017
0.5227000117301941
0.6015521287918091
0.6341385245323181
0.5688081383705139
0.5959475040435791
0.6269350647926331
0.5350649952888489
0.5769504308700562
0.5309964418411255
0.5898797512054443
0.5290782451629639
0.5423012971878052
0.6294644474983215
0.5259311199188232
0.6103345155715942
0.512768566608429
0.5132731199264526
0.5918900370597839
0.5252698659896851
0.5024051666259766
0.500676155090332
0.6108788847923279
0.6495152115821838
0.5539295077323914
0.6181063055992126
0.5788561701774597
0.6009488105773926
0.5695391893386841
0.6581640839576721
0.7108105421066284
0.7037713527679443
0.6009010672569275
0.6178297400474548
0.6617528200149536
0.5634270310401917
0.5337956547737122
0.5122538805007935
0.649128258228302
0.6252647638320923
0.6008146405220032
0.628089427947998
0.6219109892845154
0.6265066266059875
0.6965439915657043
0.5130526423454285
0.5634500980377197
0.6187213659286499
0.5598571300506592
0.5920348167419434
0.503726601600647
0.5376538634300232
0.7047714591026306
0.5210516452789307
0.6968799829483032
0.5919729471206665
0.5174291133880615
0.6114163398742676
0.585641086101532
0.7394488453865051
0.5856963396072388
0.5204534530639648
0.5746532082557678
0.5515322685241699
0.5734532475471497
0.548397958278656
0.6506184339523315
0.6728008389472961
0.5112913250923157
0.594054102897644
0.6149846315383911
0.582748293876648
0.5033982992172241
0.6135247349739075
0.5792145729064941
0.7272462844848633
0.5363853573799133
0.5061270594596863
0.6377659440040588
0.5216780304908752
0.6506047248840332
0.5867291688919067
0.5143821835517883
0.5620582699775696
0.6482805013656616
0.6444011330604553
0.5573175549507141
0.5419299006462097
0.5377101898193359
0.5649117827415466
0.5607241988182068
0.6010476350784302
0.5465087890625
0.7676724195480347
0.5692295432090759
0.5199715495109558
0.5426467061042786
0.5012212991714478
0.5131696462631226
0.6580073833465576
0.6408249735832214
0.6231297850608826
0.5511798858642578
0.5131994485855103
0.5978867411613464
0.5748654007911682
0.6773373484611511
0.6908926963806152
0.5235150456428528
0.5328905582427979
0.5346083641052246
0.6612739562988281
0.6374117732048035
0.5352003574371338
0.6156622171401978
0.6412273645401001
0.5827286839485168
0.5495407581329346
0.5927151441574097
0.6703330874443054
0.6084499955177307
0.537676990032196
0.5663328170776367
0.5496136546134949
0.5691947340965271
0.6179413199424744
0.5915821194648743
0.6461178064346313
0.5676003694534302
0.5175520777702332
0.6916122436523438
0.6260263323783875
0.5959590673446655
0.7863720655441284
0.5173039436340332
0.530180811882019
0.6992105841636658
0.5072742104530334
0.51491379737854
0.7209348082542419
0.7027979493141174
0.659669816493988
0.5856868028640747
0.5353227257728577
0.5141699910163879
0.6186854839324951
0.5008381605148315
0.5791051387786865
0.6117691993713379
0.5164894461631775
0.6033881306648254
0.5729928016662598
0.717132031917572
0.5381658673286438
0.5350159406661987
0.5764065980911255
0.5463261008262634
0.5517655611038208
0.625471293926239
0.6320859789848328
0.5512106418609619
0.5275654196739197
0.6302791237831116
0.5131916403770447
0.5569044947624207
0.5621075630187988
0.6292554140090942
0.676925778388977
0.522911548614502
0.5402489304542542
0.5685315728187561
0.5997700095176697
0.517525315284729
0.5489740371704102
0.514449954032898
0.7055900692939758
0.5160694122314453
0.5445830225944519
0.7071083784103394
0.6474338173866272
0.5144868493080139
0.7485015392303467
0.5621118545532227
0.6132130026817322
0.5910722017288208
0.5639598369598389
0.5449144840240479
0.5156469345092773
0.5595927834510803
0.5984629988670349
0.565352201461792
0.5698673725128174
0.7440587282180786
0.5931465029716492
0.6782189607620239
0.6085182428359985
0.560316801071167
0.6431455016136169
0.6614791750907898
0.5541337728500366
0.5732860565185547
0.5425005555152893
0.5689226984977722
0.5335833430290222
0.5956340432167053
0.636243999004364
0.5270141959190369
0.6067963242530823
0.5427095890045166
0.641635000705719
0.5277782082557678
0.5827637314796448
0.6038351058959961
0.5157651901245117
0.5135141015052795
0.5403547883033752
0.7101955413818359
0.5089336037635803
0.5630804896354675
0.5866972804069519
0.5513655543327332
0.5085146427154541
0.5910013318061829
0.5205564498901367
0.5119780898094177
0.5450118780136108
0.5044716000556946
0.7062469720840454
0.5040138959884644
0.6242477893829346
0.5045776963233948
0.5949702262878418
0.5067989826202393
0.6613449454307556
0.7513285875320435
0.5563134551048279
0.6770563125610352
0.6819588541984558
0.5738422274589539
0.5369066596031189
0.613876461982727
0.5182180404663086
0.5015338063240051
0.6815425157546997
0.5092164874076843
0.5232455730438232
0.6270939111709595
0.5070730447769165
0.747553288936615
0.7345780730247498
0.5927188992500305
0.6405239701271057
0.5666629076004028
0.6826697587966919
0.5419581532478333
0.6329078674316406
0.5810436010360718
0.5457280278205872
0.5058230757713318
0.5825242400169373
0.5848055481910706
0.5293418169021606
0.5663167834281921
0.5829557776451111
0.6544020175933838
0.5315252542495728
0.5428049564361572
0.5681192278862
0.6391456723213196
0.606036901473999
0.6137219667434692
0.5252940654754639
0.5170469880104065
0.5799918174743652
0.5901595950126648
0.6444214582443237
0.706471860408783
0.5394976735115051
0.5146133899688721
0.6368055939674377
0.6047565937042236
0.5696537494659424
0.5082696676254272
0.6248112916946411
0.5233810544013977
0.527313232421875
0.5311301946640015
0.547465443611145
0.6446590423583984
0.7158628106117249
0.5538355112075806
0.6894552707672119
0.5184664726257324
0.6661692261695862
0.6562250852584839
0.58392333984375
0.7123759984970093
0.568282961845398
0.6544880867004395
0.5423200130462646
0.5906869769096375
0.5556206107139587
0.7199877500534058
0.5637063980102539
0.7043900489807129
0.6780898571014404
0.5908859968185425
0.5210714340209961
0.5097591876983643
0.6517284512519836
0.6045624613761902
0.5375075936317444
0.5840790271759033
0.6426187753677368
0.6616641283035278
0.5995233654975891
0.6254779100418091
0.5232522487640381
0.5592234134674072
0.6412307024002075
0.6060256361961365
0.5500810146331787
0.6073493957519531
0.5318711996078491
0.6989933252334595
0.5335830450057983
0.5777928233146667
0.6381629109382629
0.5410173535346985
0.6277849078178406
0.6466075778007507
0.5723956823348999
0.5523231029510498
0.6854164600372314
0.5369773507118225
0.6047718524932861
0.5296913385391235
0.5445079803466797
0.5026965141296387
0.6228724122047424
0.6962252855300903
0.5148541927337646
0.5377694964408875
0.6024540662765503
0.6131433844566345
0.5670017004013062
0.6600983738899231
0.5227481722831726
0.5916613936424255
0.5893003344535828
0.572799801826477
0.6312810778617859
0.587326169013977
0.6533622145652771
0.6929437518119812
0.5308187007904053
0.5930222272872925
0.5590102076530457
0.6463788151741028
0.5288065671920776
0.5781047940254211
0.6687109470367432
0.5608349442481995
0.5034061074256897
0.5998353958129883
0.6577723622322083
0.6145467758178711
0.607423722743988
0.7050445079803467
0.5447370409965515
0.500280499458313
0.6598182320594788
0.5382300615310669
0.7227205634117126
0.5382301211357117
0.6389251351356506
0.6424837112426758
0.594374418258667
0.7301070690155029
0.7370913624763489
0.5732023119926453
0.660216748714447
0.5884249806404114
0.5342431664466858
0.5532168745994568
0.5587152242660522
0.675635039806366
0.6896533370018005
0.5758807063102722
0.5518078207969666
0.6322053074836731
0.5369665026664734
0.8106648921966553
0.558771550655365
0.6225149631500244
0.5188897252082825
0.5384525656700134
0.5024782419204712
0.6228043437004089
0.6656505465507507
0.5209742784500122
0.6115249395370483
0.5828024744987488
0.5397326350212097
0.619226336479187
0.5905877947807312
0.640640914440155
0.5032079219818115
0.5620938539505005
0.5782963037490845
0.5661466121673584
0.517946183681488
0.5548818111419678
0.5403779745101929
0.749842643737793
0.5229154825210571
0.5014881491661072
0.5401214361190796
0.6110936999320984
0.5804792642593384
0.6515457034111023
0.6862985491752625
0.7409282922744751
0.5382788777351379
0.6452327370643616
0.5060732960700989
0.6367800235748291
0.5061565041542053
0.6191794872283936
0.5878899693489075
0.5287896990776062
0.6739852428436279
0.7356893420219421
0.5384981036186218
0.5014801621437073
0.5629061460494995
0.5276777744293213
0.5025626420974731
0.5179154276847839
0.5026868581771851
0.5137901306152344
0.6146419644355774
0.7208244800567627
0.5388180613517761
0.5700331330299377
0.6425894498825073
0.6862808465957642
0.6941550970077515
0.523958146572113
0.6267606019973755
0.5815697908401489
0.5594538450241089
0.6207369565963745
0.6439332962036133
0.6956639289855957
0.6214383840560913
0.6198761463165283
0.5429640412330627
0.5351710915565491
0.5536649823188782
0.6317934393882751
0.5157228112220764
0.6331474184989929
0.6625162959098816
0.6689578294754028
0.6063796877861023
0.668857991695404
0.5036314129829407
0.6878121495246887
0.6520954370498657
0.5197452902793884
0.590162456035614
0.6615163683891296
0.5189552307128906
0.6061130166053772
0.6654669642448425
0.5446721315383911
0.6522086262702942
0.6101343035697937
0.5718104243278503
0.5413411855697632
0.6034151315689087
0.6508967876434326
0.5633012056350708
0.6222366690635681
0.5878147482872009
0.5189773440361023
0.5106386542320251
0.5955671072006226
0.5047482848167419
0.5138779282569885
0.5389658212661743
0.5143292546272278
0.7329502105712891
0.6617018580436707
0.6448444128036499
0.5340850353240967
0.6220311522483826
0.5701383352279663
0.5408970713615417
0.6104552149772644
0.6017352938652039
0.5374773144721985
0.6657372713088989
0.584811270236969
0.6807677745819092
0.5483725666999817
0.8476243615150452
0.5010186433792114
0.5801387429237366
0.5257384181022644
0.5739861726760864
0.5344871282577515
0.5508444905281067
0.5640842318534851
0.6293939352035522
0.5292636156082153
0.5817866325378418
0.6423062086105347
0.5806806683540344
0.6459790468215942
0.6328915357589722
0.506615400314331
0.5231373310089111
0.5253533124923706
0.601730465888977
0.7464542984962463
0.5294676423072815
0.5171450972557068
0.6138037443161011
0.5249134302139282
0.6217141151428223
0.5758508443832397
0.507048487663269
0.5169399976730347
0.5646269917488098
0.5629236102104187
0.6956009268760681
0.5248252749443054
0.5715093016624451
0.5295870304107666
0.5633039474487305
0.5873101949691772
0.737544596195221
0.5169910192489624
0.5878809094429016
0.5866268277168274
0.643098771572113
0.5708896517753601
0.5265383124351501
0.5141647458076477
0.5996713638305664
0.6008732914924622
0.5239701271057129
0.5673653483390808
0.5708655118942261
0.5264897346496582
0.5178465843200684
0.6204004883766174
0.7786929607391357
0.5072405934333801
0.6591756939888
0.5173530578613281
0.5207772850990295
0.5441545248031616
0.5631293058395386
0.5441600680351257
0.5414316654205322
0.5546838641166687
0.6569684147834778
0.7077582478523254
0.5877286791801453
0.5271265506744385
0.5204504728317261
0.5125124454498291
0.6547530293464661
0.5020484328269958
0.5367519855499268
0.5254181623458862
0.5314011573791504
0.5427796244621277
0.6948919892311096
0.5964359045028687
0.7538264393806458
0.5122991800308228
0.6169502139091492
0.5237802267074585
0.6622673273086548
0.5219959020614624
0.5794215798377991
0.6213639378547668
0.5352208614349365
0.5188696384429932
0.564310610294342
0.5107033252716064
0.5211872458457947
0.5060605406761169
0.6570948362350464
0.5444886684417725
0.6059889793395996
0.7545230984687805
0.6017242074012756
0.500623881816864
0.5289519429206848
0.6673657894134521
0.6307510733604431
0.7407397031784058
0.5927778482437134
0.5447779297828674
0.6226048469543457
0.5685054063796997
0.6279855370521545
0.5302987098693848
0.5476456880569458
0.6001744270324707
0.5161345601081848
0.5861731767654419
0.5745196342468262
0.5796213150024414
0.5429379343986511
0.692955493927002
0.5489358901977539
0.5634838938713074
0.689120352268219
0.7980972528457642
0.6391810178756714
0.5990755558013916
0.5299131870269775
0.5188971757888794
0.5006430149078369
0.5046233534812927
0.5054635405540466
0.5349897742271423
0.6536623239517212
0.5344023108482361
0.5606741309165955
0.7034522294998169
0.5234665870666504
0.7390294671058655
0.5034285187721252
0.5648860335350037
0.5186922550201416
0.5674801468849182
0.5338852405548096
0.5602412819862366
0.5187631845474243
0.5710914134979248
0.6619623303413391
0.5878803133964539
0.728569746017456
0.6762726902961731
0.5178060531616211
0.6238811612129211
0.6905331611633301
0.564323902130127
0.5257545709609985
0.6107878684997559
0.6275882124900818
0.6793147325515747
0.5470893383026123
0.5882718563079834
0.6152045130729675
0.5125440359115601
0.5595688223838806
0.5379998683929443
0.5071576237678528
0.5055815577507019
0.5384765863418579
0.54863440990448
0.5566344261169434
0.5620783567428589
0.5656944513320923
0.5299402475357056
0.5524895787239075
0.5188488960266113
0.6475022435188293
0.6701939105987549
0.5080270767211914
0.6583806276321411
0.5793910026550293
0.5471389889717102
0.5256550908088684
0.5750266909599304
0.5663831830024719
0.5183535218238831
0.5803776383399963
0.6197412610054016
0.6542724967002869
0.6381493210792542
0.6757074594497681
0.559546709060669
0.5438172817230225
0.5717796087265015
0.5067460536956787
0.5855222344398499
0.5801773071289062
0.637963056564331
0.5647807121276855
0.5349827408790588
0.7293827533721924
0.6258242130279541
0.502880334854126
0.6681717038154602
0.639689028263092
0.5126845836639404
0.735287606716156
0.6573696136474609
0.721379816532135
0.546064019203186
0.5079031586647034
0.517208993434906
0.5956686735153198
0.5431445240974426
0.626074492931366
0.6729490160942078
0.5383396744728088
0.6179234981536865
0.6725727319717407
0.8567821383476257
0.5434654951095581
0.5779581069946289
0.5337749123573303
0.5551270246505737
0.5903140902519226
0.6831861734390259
0.5292040705680847
0.5048807859420776
0.5093098878860474
0.5828903913497925
0.5816161036491394
0.5679186582565308
0.5006803274154663
0.5102338790893555
0.5299249291419983
0.6292571425437927
0.6861804723739624
0.654241144657135
0.5454733967781067
0.5633106231689453
0.6764276027679443
0.6703016757965088
0.609140932559967
0.530988872051239
0.6514602899551392
0.530731737613678
0.5098265409469604
0.6388624906539917
0.5826659798622131
0.5593509078025818
0.7415456771850586
0.6390001177787781
0.5723621249198914
0.5311670303344727
0.6390920877456665
0.7274172902107239
0.5136430859565735
0.6590278148651123
0.75152987241745
0.6065109372138977
0.6703426837921143
0.6779000759124756
0.5917758345603943
0.6520693302154541
0.5327619910240173
0.501812219619751
0.6032735705375671
0.5719207525253296
0.5257710814476013
0.6715688109397888
0.5043792128562927
0.6373366117477417
0.6063138246536255
0.7427291870117188
0.5717270970344543
0.530795156955719
0.701104998588562
0.5178483724594116
0.5189208984375
0.5793167352676392
0.7651799321174622
0.5860736966133118
0.5391032099723816
0.6214053630828857
0.7549535036087036
0.5080592036247253
0.5301812887191772
0.5821402072906494
0.5133253931999207
0.5797827243804932
0.5671312808990479
0.5333759188652039
0.7747387290000916
0.561856210231781
0.5331746935844421
0.5092077851295471
0.5421580076217651
0.5168375968933105
0.6459137201309204
0.5365492105484009
0.7015401124954224
0.5352143049240112
0.6591322422027588
0.5709763169288635
0.5866247415542603
0.575735330581665
0.5932735204696655
0.520258903503418
0.6095237135887146
0.6221730709075928
0.5727828145027161
0.5400869846343994
0.5429618954658508
0.5004938244819641
0.5227919816970825
0.5168856978416443
0.6383010745048523
0.5540136098861694
0.5518168807029724
0.5744156241416931
0.5689777731895447
0.7371097207069397
0.6920797228813171
0.6282244324684143
0.6507810354232788
0.5211778879165649
0.6026095151901245
0.682009756565094
0.5330413579940796
0.5555230975151062
0.6057183742523193
0.5435326099395752
0.612142026424408
0.570508599281311
0.604131817817688
0.7077228426933289
0.5905710458755493
0.5277315974235535
0.5368006229400635
0.5008923411369324
0.5956223011016846
0.5070607662200928
0.5034433007240295
0.5205614566802979
0.5681186318397522
0.5364385843276978
0.6997233629226685
0.7113751173019409
0.6823492646217346
0.680591344833374
0.5559340715408325
0.6646088361740112
0.5260219573974609
0.7388301491737366
0.5121769905090332
0.58946692943573
0.6240590214729309
0.5250663161277771
0.7540698051452637
0.5776956677436829
0.649689257144928
0.6540891528129578
0.7863901257514954
0.665253758430481
0.6052919626235962
0.6905412673950195
0.5557971000671387
0.6245543360710144
0.5652925372123718
0.5419530868530273
0.6169605851173401
0.6276761293411255
0.6251617670059204
0.7178940176963806
0.5933305025100708
0.6141470074653625
0.6026873588562012
0.7386051416397095
0.573915958404541
0.5529863238334656
0.5214871764183044
0.5258591175079346
0.5253771543502808
0.5471421480178833
0.5513431429862976
0.692034125328064
0.5741755962371826
0.677040159702301
0.5377522706985474
0.6138689517974854
0.5049166083335876
0.626640260219574
0.5740736722946167
0.5960854291915894
0.6724316477775574
0.6458241939544678
0.5980634689331055
0.7061304450035095
0.570931613445282
0.5175033807754517
0.5118040442466736
0.6218534708023071
0.5626718401908875
0.5175516605377197
0.5657670497894287
0.5974233150482178
0.5723340511322021
0.6288732886314392
0.5726144313812256
0.7357895374298096
0.6270023584365845
0.6234816908836365
0.628095805644989
0.6123765110969543
0.5244749188423157
0.7527912855148315
0.6729987859725952
0.6039958000183105
0.5688574314117432
0.6477382183074951
0.732082188129425
0.517305850982666
0.5505800843238831
0.5125148296356201
0.5424814820289612
0.5121882557868958
0.5270872116088867
0.6140939593315125
0.5215258598327637
0.7296186685562134
0.6199111342430115
0.5166062116622925
0.6707658171653748
0.6184526085853577
0.5728878974914551
0.589415967464447
0.5699348449707031
0.6034321188926697
0.5002846121788025
0.5053473711013794
0.5154922008514404
0.611742377281189
0.5795167684555054
0.6829531192779541
0.5692504644393921
0.554706335067749
0.6796863675117493
0.6041409373283386
0.6604130268096924
0.6667439341545105
0.5667524933815002
0.5173726081848145
0.50306236743927
0.5230640769004822
0.5900066494941711
0.7375121712684631
0.63273686170578
0.6784883141517639
0.5609029531478882
0.568055272102356
0.6624928712844849
0.5326988101005554
0.5650569200515747
0.5195512771606445
0.5474908947944641
0.5547798275947571
0.5976702570915222
0.6872735023498535
0.5553851127624512
0.6187137961387634
0.5718660950660706
0.5663734674453735
0.5297596454620361
0.5865854024887085
0.5430838465690613
0.7021567225456238
0.7520698308944702
0.584940493106842
0.5289971232414246
0.6233299970626831
0.5257465243339539
0.7229137420654297
0.5362752676010132
0.59537273645401
0.8021833896636963
0.7330487370491028
0.5657264590263367
0.5706313848495483
0.5789530873298645
0.5435487627983093
0.6087984442710876
0.5073488354682922
0.5078610777854919
0.5440943837165833
0.5802313089370728
0.5599082708358765
0.675524890422821
0.5351497530937195
0.5297362208366394
0.5379343628883362
0.520022451877594
0.8067214488983154
0.6113654971122742
0.5520324110984802
0.5908317565917969
0.5743078589439392
0.508384644985199
0.6091169714927673
0.5307859778404236
0.5943995714187622
0.586472749710083
0.5750166177749634
0.5463001132011414
0.7340155243873596
0.5707086324691772
0.5213937163352966
0.6349664926528931
0.6402506828308105
0.5056890249252319
0.5553637742996216
0.5025891661643982
0.6331591606140137
0.5761712193489075
0.5876564383506775
0.6790809631347656
0.5631285309791565
0.5153020620346069
0.6004742980003357
0.5271915197372437
0.6816993355751038
0.5192378163337708
0.7471786737442017
0.5366565585136414
0.5357292890548706
0.5085664987564087
0.6765625476837158
0.5317102074623108
0.5973689556121826
0.6541962623596191
0.5052498579025269
0.6187378764152527
0.5502365827560425
0.6009257435798645
0.7083974480628967
0.523378312587738
0.513222873210907
0.5268036723136902
0.6250740885734558
0.5159980058670044
0.5391355752944946
0.5036362409591675
0.5717042684555054
0.571037769317627
0.5814177393913269
0.5576879382133484
0.577424168586731
0.6879450678825378
0.653636634349823
0.5919036865234375
0.5042647123336792
0.5055131912231445
0.7799545526504517
0.5002906322479248
0.6539726853370667
0.5160741209983826
0.7027042508125305
0.585232675075531
0.6908717751502991
0.6020811200141907
0.7359309792518616
0.621699333190918
0.5178112983703613
0.636039674282074
0.5842006802558899
0.6982096433639526
0.5251829028129578
0.5460171699523926
0.5753639340400696
0.5601890683174133
0.5270564556121826
0.730252206325531
0.5429047346115112
0.5610822439193726
0.5010630488395691
0.6347073316574097
0.5201890468597412
0.5792876482009888
0.6344319581985474
0.5441837310791016
0.6641342639923096
0.6347175240516663
0.6707467436790466
0.6994521021842957
0.5567022562026978
0.6467446684837341
0.5471577644348145
0.5047231912612915
0.5396277904510498
0.5087339282035828
0.5083417296409607
0.5062537789344788
0.5145649313926697
0.6236355900764465
0.5384597182273865
0.5277689695358276
0.5086904764175415
0.5829710364341736
0.6251970529556274
0.5070198774337769
0.7573468089103699
0.6700012683868408
0.5295342206954956
0.5446658730506897
0.6619181632995605
0.5255644917488098
0.538341760635376
0.719228982925415
0.7471114993095398
0.6190661191940308
0.6890281438827515
0.5183537006378174
0.5521841645240784
0.5306656956672668
0.612819492816925
0.5423890948295593
0.5944098830223083
0.5528244972229004
0.6176648139953613
0.5439823865890503
0.5811699628829956
0.527580738067627
0.5939379334449768
0.5496023297309875
0.5697489976882935
0.5741841197013855
0.5786218643188477
0.5210513472557068
0.5241574048995972
0.566667377948761
0.5864693522453308
0.5450116395950317
0.7666259407997131
0.6518848538398743
0.5320023894309998
0.6222078800201416
0.53523188829422
0.5785087943077087
0.6526256203651428
0.7259092926979065
0.512279748916626
0.740130603313446
0.5015233159065247
0.5996115207672119
0.6199992299079895
0.5056051015853882
0.529923141002655
0.5133953094482422
0.6599899530410767
0.5389295220375061
0.521003246307373
0.5326269865036011
0.5182491540908813
0.5425827503204346
0.5269655585289001
0.6473709344863892
0.5348189473152161
0.587408185005188
0.6091623306274414
0.5334557294845581
0.5739657282829285
0.8187105059623718
0.6523239612579346
0.6002849340438843
0.5829610824584961
0.6968215703964233
0.5723718404769897
0.6073516011238098
0.6336410045623779
0.5235235095024109
0.6329368948936462
0.5633383393287659
0.5188338756561279
0.7490001916885376
0.7240433096885681
0.5700118541717529
0.5314949154853821
0.6230050921440125
0.5711521506309509
0.5678087472915649
0.514968991279602
0.506312370300293
0.558556854724884
0.5681732296943665
0.5970959663391113
0.601420521736145
0.6516392230987549
0.5349896550178528
0.6387332677841187
0.6953940987586975
0.8176230192184448
0.5628806352615356
0.6727631092071533
0.5874089598655701
0.6024990081787109
0.5687974095344543
0.6365204453468323
0.6892976760864258
0.5835033059120178
0.5988296270370483
0.8149096369743347
0.5743627548217773
0.5068544745445251
0.5388391613960266
0.7278348803520203
0.6324142217636108
0.5624948143959045
0.5031599402427673
0.6322177648544312
0.5541852116584778
0.6345080733299255
0.621742308139801
0.6870460510253906
0.7330516576766968
0.6537070274353027
0.5004479289054871
0.5903601050376892
0.5410826206207275
0.7037702202796936
0.6092131733894348
0.5927480459213257
0.558978796005249
0.5123170018196106
0.5017364621162415
0.7408754825592041
0.6927654147148132
0.6076972484588623
0.7070394158363342
0.5062587857246399
0.5833930969238281
0.5389997363090515
0.5990799069404602
0.5913717150688171
0.5868431329727173
0.5065568685531616
0.5688785314559937
0.5153163075447083
0.5687708854675293
0.5841799974441528
0.5741767883300781
0.5888882279396057
0.6199919581413269
0.5460341572761536
0.5493869185447693
0.6327062249183655
0.5491202473640442
0.7065945267677307
0.5631648302078247
0.7016026377677917
0.669171154499054
0.5125488638877869
0.5778472423553467
0.5043033957481384
0.6759604215621948
0.5738805532455444
0.5240377187728882
0.6799823045730591
0.6171241402626038
0.6468287110328674
0.5465191006660461
0.5553601384162903
0.5966753363609314
0.6915750503540039
0.6083268523216248
0.6255079507827759
0.5156935453414917
0.7729076147079468
0.576378583908081
0.5512915253639221
0.6022742986679077
0.5068171620368958
0.6341940760612488
0.5005238652229309
0.7171775698661804
0.6489900350570679
0.5249626636505127
0.5041062235832214
0.6963794827461243
0.5646680593490601
0.5475192666053772
0.6094673275947571
0.5753201842308044
0.5046658515930176
0.5849947929382324
0.5920976400375366
0.5137577056884766
0.6456989645957947
0.5436257719993591
0.5451497435569763
0.5939505100250244
0.5152828097343445
0.562294065952301
0.6688603162765503
0.5580479502677917
0.5031095147132874
0.5113297700881958
0.5004780888557434
0.5341777205467224
0.5748139023780823
0.608917772769928
0.5359800457954407
0.5673134922981262
0.5425676107406616
0.6045030355453491
0.7454029321670532
0.534100353717804
0.5505295395851135
0.6094508171081543
0.5631284117698669
0.6198053359985352
0.5100937485694885
0.5756192803382874
0.6213687062263489
0.6179305911064148
0.5169483423233032
0.6838142275810242
0.6130645871162415
0.6546412110328674
0.5501246452331543
0.549914538860321
0.5181944966316223
0.6452162861824036
0.5126221776008606
0.5183454751968384
0.5235995054244995
0.7250885963439941
0.6397634744644165
0.5130565762519836
0.6857132911682129
0.6126199960708618
0.5046913623809814
0.6466171145439148
0.6155192852020264
0.5806326866149902
0.7082688808441162
0.7302775979042053
0.5764661431312561
0.5506916642189026
0.5566487908363342
0.6320105791091919
0.6100949048995972
0.6057571172714233
0.5968895554542542
0.5577610731124878
0.5754696726799011
0.5254748463630676
0.5999218225479126
0.5756845474243164
0.5325394868850708
0.547118067741394
0.7595170140266418
0.5496321320533752
0.6533158421516418
0.5545171499252319
0.5155085325241089
0.581701934337616
0.5034804940223694
0.5951427817344666
0.6043659448623657
0.6363669037818909
0.5245896577835083
0.5015444755554199
0.5336650013923645
0.5555866956710815
0.6774595379829407
0.5581203699111938
0.5593006610870361
0.5227932929992676
0.51470547914505
0.5188876390457153
0.5767795443534851
0.6268618106842041
0.5920680165290833
0.6509110331535339
0.6297610998153687
0.5879347324371338
0.5991816520690918
0.5490508675575256
0.6222671270370483
0.6369194388389587
0.6707087755203247
0.5318118929862976
0.5051785111427307
0.6311529874801636
0.5571302175521851
0.5094742178916931
0.6763089895248413
0.6414998173713684
0.5638414025306702
0.5768462419509888
0.5697018504142761
0.5037874579429626
0.5434396862983704
0.581466019153595
0.507891058921814
0.8055638670921326
0.5887012481689453
0.6684581637382507
0.5064666271209717
0.6785991787910461
0.5306909084320068
0.6239707469940186
0.6111140847206116
0.5447730422019958
0.59285569190979
0.7219013571739197
0.6333449482917786
0.6798779368400574
0.5562468767166138
0.6818878054618835
0.5700860619544983
0.592519998550415
0.5084515810012817
0.5615996718406677
0.6602603197097778
0.7145972847938538
0.5503093004226685
0.6211186051368713
0.5292830467224121
0.509915828704834
0.5539345741271973
0.5832643508911133
0.5387741327285767
0.5794046521186829
0.6483264565467834
0.5570359230041504
0.5375378131866455
0.5826557874679565
0.5502884387969971
0.5382944941520691
0.54033362865448
0.5013644695281982
0.6572211384773254
0.5041690468788147
0.6827704310417175
0.7685043811798096
0.5679663419723511
0.5728038549423218
0.6899389028549194
0.5638644695281982
0.5959967374801636
0.5888214111328125
0.5910565257072449
0.5542919039726257
0.555682897567749
0.7296844124794006
0.5135905742645264
0.6303021311759949
0.586338460445404
0.5723450779914856
0.5177454352378845
0.6055078506469727
0.5053222179412842
0.5435269474983215
0.5695546269416809
0.7442579865455627
0.5272319912910461
0.6657003164291382
0.8352283239364624
0.5763295292854309
0.6355339288711548
0.724521815776825
0.558838963508606
0.5180212259292603
0.6601426005363464
0.5742118954658508
0.6070212125778198
0.7793363928794861
0.6686112880706787
0.7335052490234375
0.5453471541404724
0.7078778743743896
0.597597599029541
0.6537331938743591
0.6331629157066345
0.5466792583465576
0.579635739326477
0.516110897064209
0.6469817757606506
0.5043064951896667
0.5500871539115906
0.5779306888580322
0.5571085214614868
0.5200552940368652
0.5946864485740662
0.6188605427742004
0.675441563129425
0.5175766944885254
0.5395721197128296
0.6271517872810364
0.7690300941467285
0.6069031357765198
0.5247251391410828
0.5726953744888306
0.5356830358505249
0.5299744009971619
0.5395027995109558
0.5260533094406128
0.5498819947242737
0.6666183471679688
0.5355678200721741
0.7042124271392822
0.5182193517684937
0.6007829904556274
0.6312804222106934
0.567171573638916
0.5463424324989319
0.5743099451065063
0.5777626633644104
0.5445582270622253
0.5405290126800537
0.5195841789245605
0.6214038729667664
0.5166395902633667
0.5586281418800354
0.5815151333808899
0.5343639850616455
0.6360616683959961
0.5202193260192871
0.6272704601287842
0.549619734287262
0.6185957789421082
0.5596389174461365
0.5128340721130371
0.5515542030334473
0.611842691898346
0.5710656046867371
0.5148231983184814
0.5209129452705383
0.5792059898376465
0.6937714219093323
0.5824950337409973
0.6699073314666748
0.6586843729019165
0.5676613450050354
0.562494695186615
0.5009154081344604
0.6263178586959839
0.6702414751052856
0.6562867760658264
0.6335811614990234
0.561569094657898
0.5268002152442932
0.5176616311073303
0.5008827447891235
0.5474411249160767
0.7621665596961975
0.5808846950531006
0.6912373900413513
0.5533503293991089
0.551649272441864
0.5974582433700562
0.6874779462814331
0.5215377807617188
0.5535821914672852
0.5430291295051575
0.5977242588996887
0.5827254056930542
0.5478297472000122
0.5769764184951782
0.6790851950645447
0.5378810167312622
0.58266282081604
0.6608374118804932
0.5466921329498291
0.6693208813667297
0.5047023892402649
0.6513729691505432
0.522966206073761
0.5810507535934448
0.5591413974761963
0.7271634340286255
0.5545106530189514
0.5906066298484802
0.5040161609649658
0.5291608572006226
0.5645869374275208
0.5205143094062805
0.6504335999488831
0.6563072204589844
0.5551983714103699
0.6235489845275879
0.6306384801864624
0.5134449601173401
0.5332417488098145
0.6718872785568237
0.620866596698761
0.6508185863494873
0.5997544527053833
0.6595929861068726
0.5295511484146118
0.5338098406791687
0.5076435804367065
0.5406845808029175
0.6687497496604919
0.6121044158935547
0.6257887482643127
0.5978798270225525
0.6492432355880737
0.5097512602806091
0.5035833120346069
0.6349802613258362
0.6434478759765625
0.6704546213150024
0.5008385181427002
0.6915026903152466
0.5391594171524048
0.5590793490409851
0.6576884984970093
0.6244523525238037
0.5292569398880005
0.7931594848632812
0.5268615484237671
0.6820545196533203
0.6309881806373596
0.7130150198936462
0.5161347985267639
0.8845747113227844
0.6305271983146667
0.5347149968147278
0.5706497430801392
0.6108039617538452
0.5625933408737183
0.5554910898208618
0.5646901726722717
0.6256659626960754
0.5113133192062378
0.5635480880737305
0.561227560043335
0.5494186878204346
0.5095133781433105
0.6084203720092773
0.6002487540245056
0.6922848224639893
0.5395869612693787
0.5939365029335022
0.5871196985244751
0.5170574188232422
0.5517544746398926
0.5763075351715088
0.5709844827651978
0.5514204502105713
0.7073727250099182
0.5375819802284241
0.6125689148902893
0.6717196106910706
0.6816214919090271
0.7488366961479187
0.5685869455337524
0.539523720741272
0.660000741481781
0.5662694573402405
0.5267519354820251
0.5088822841644287
0.6424171328544617
0.5119442939758301
0.5979575514793396
0.7373144626617432
0.5345295667648315
0.6489103436470032
0.5716311931610107
0.6264604926109314
0.619982123374939
0.5878997445106506
0.5427135825157166
0.5893171429634094
0.5384987592697144
0.5068873763084412
0.5478741526603699
0.6139412522315979
0.5575161576271057
0.5636227130889893
0.6378740668296814
0.5423100590705872
0.5781330466270447
0.5171590447425842
0.6399146318435669
0.5556351542472839
0.5323247313499451
0.5207326412200928
0.5138455629348755
0.6043102145195007
0.7567226886749268
0.5067335367202759
0.6824917197227478
0.5430101752281189
0.6260529160499573
0.5454307794570923
0.6208937168121338
0.5831619501113892
0.6009097099304199
0.7698683738708496
0.5733035802841187
0.5569591522216797
0.6341214179992676
0.5627939701080322
0.619743824005127
0.5066500306129456
0.510773241519928
0.6253378391265869
0.5162674188613892
0.5436206459999084
0.5379619002342224
0.5156155824661255
0.5528551340103149
0.7151124477386475
0.5448850989341736
0.7174308896064758
0.5190796256065369
0.5687153935432434
0.5197821259498596
0.5692281126976013
0.5532352924346924
0.5668988823890686
0.5890209078788757
0.5521109700202942
0.5895094275474548
0.6221499443054199
0.7277465462684631
0.6167249083518982
0.6652652025222778
0.5403216481208801
0.615066409111023
0.5876778960227966
0.553587794303894
0.6100561618804932
0.6624465584754944
0.7148765325546265
0.6484200954437256
0.5819141864776611
0.5543546676635742
0.5504300594329834
0.5125526189804077
0.6834819912910461
0.6318652033805847
0.5389552712440491
0.5703672766685486
0.5414273142814636
0.6344808340072632
0.5709055662155151
0.5933454036712646
0.5778644680976868
0.6023932695388794
0.5564008355140686
0.5830053091049194
0.5684763193130493
0.5281289219856262
0.5512221455574036
0.5232784748077393
0.6780286431312561
0.6613168120384216
0.5511783957481384
0.7309516668319702
0.5419244766235352
0.5681919455528259
0.624059796333313
0.6513360738754272
0.5079386234283447
0.6159428358078003
0.514471709728241
0.5992403030395508
0.5982691049575806
0.5490432381629944
0.5689650774002075
0.5253360271453857
0.5398126840591431
0.6103416681289673
0.698695957660675
0.7144749760627747
0.5269909501075745
0.5091317296028137
0.5135813355445862
0.5529381036758423
0.5211517810821533
0.5922262072563171
0.5485881567001343
0.5104392170906067
0.6761017441749573
0.611388623714447
0.5710979104042053
0.6511574387550354
0.6767765879631042
0.6948869228363037
0.577752411365509
0.6489365696907043
0.5087401270866394
0.5181600451469421
0.546546995639801
0.5606831908226013
0.5437902808189392
0.6036022305488586
0.583704948425293
0.6248451471328735
0.5288862586021423
0.6439663171768188
0.7161737084388733
0.5478468537330627
0.6906552314758301
0.5605301856994629
0.6418496370315552
0.6347736716270447
0.6845943927764893
0.5369344353675842
0.6693140864372253
0.5776647925376892
0.5577178001403809
0.5655096173286438
0.6001569032669067
0.5271096229553223
0.6242085695266724
0.6090879440307617
0.5984591841697693
0.6470937728881836
0.5515444874763489
0.6535466313362122
0.6482976078987122
0.565081775188446
0.51645827293396
0.5098499655723572
0.6063344478607178
0.7076831459999084
0.5930631160736084
0.5102376341819763
0.6018373966217041
0.6372801661491394
0.560886800289154
0.7098659873008728
0.5141515135765076
0.7060719132423401
0.6366087794303894
0.6626904606819153
0.5272096395492554
0.5027558207511902
0.5569702386856079
0.6510937213897705
0.732774555683136
0.536811113357544
0.6018671989440918
0.6117069721221924
0.516685962677002
0.6415963768959045
0.558458685874939
0.5491679906845093
0.5443693995475769
0.5723716616630554
0.5664385557174683
0.5498555898666382
0.7699694037437439
0.5360676050186157
0.5275412201881409
0.6093153953552246
0.5334541201591492
0.5705123543739319
0.6184505820274353
0.5195819735527039
0.5845223069190979
0.5989802479743958
0.5201714038848877
0.5946727991104126
0.5805127620697021
0.5884535908699036
0.7655242681503296
0.5527406930923462
0.6470450758934021
0.5365405082702637
0.5822686553001404
0.6027664542198181
0.5394690036773682
0.5120534896850586
0.6160301566123962
0.5046120882034302
0.5886865854263306
0.6672885417938232
0.6264557242393494
0.5902484655380249
0.5470417141914368
0.5721840858459473
0.7361346483230591
0.5928338766098022
0.5434842705726624
0.705623984336853
0.6253042817115784
0.6412420272827148
0.5172252058982849
0.5373337268829346
0.5514149069786072
0.5762476325035095
0.5411719083786011
0.6541610360145569
0.5899893045425415
0.5085556507110596
0.5502566695213318
0.5377423167228699
0.5922260880470276
0.5319568514823914
0.5849658250808716
0.5007691383361816
0.5326970219612122
0.6579038500785828
0.7397817969322205
0.6244560480117798
0.5308593511581421
0.5253174304962158
0.6022685170173645
0.5538412928581238
0.5149586200714111
0.6351289749145508
0.5583693385124207
0.5414962768554688
0.6932132244110107
0.5029405951499939
0.674743115901947
0.52261883020401
0.6200028657913208
0.570174515247345
0.7074363827705383
0.5640354752540588
0.5639896988868713
0.5488336682319641
0.6110514998435974
0.7158503532409668
0.554526686668396
0.5214695334434509
0.5598028898239136
0.5029968619346619
0.5667440295219421
0.5837616920471191
0.5176259875297546
0.6591125130653381
0.5790185928344727
0.6191520094871521
0.7121418714523315
0.5226128697395325
0.5871158838272095
0.6459928154945374
0.6934786438941956
0.5173390507698059
0.554454505443573
0.6435023546218872
0.6473981142044067
0.5519360899925232
0.5156958699226379
0.51619553565979
0.5426689982414246
0.577852725982666
0.6765312552452087
0.5009992122650146
0.5015999674797058
0.5425886511802673
0.6185827255249023
0.5204067230224609
0.5703712701797485
0.7331536412239075
0.5974767208099365
0.5043897032737732
0.5477135181427002
0.5080872178077698
0.5000492334365845
0.549155056476593
0.5943048000335693
0.5821197628974915
0.5496585965156555
0.6333608031272888
0.5238783955574036
0.5419973134994507
0.6496867537498474
0.5767819881439209
0.6140201091766357
0.6367491483688354
0.5714230537414551
0.5568080544471741
0.6595255136489868
0.5526627898216248
0.6622625589370728
0.7178579568862915
0.6667832136154175
0.5154319405555725
0.5934048891067505
0.6211283802986145
0.5169907212257385
0.7103056311607361
0.5389776825904846
0.6117980480194092
0.5415663123130798
0.6329063177108765
0.5298207998275757
0.660683810710907
0.5139024257659912
0.7704358696937561
0.6202632784843445
0.6717346906661987
0.5474663376808167
0.5061900019645691
0.5711752772331238
0.7509748339653015
0.6257122755050659
0.6420759558677673
0.5250328183174133
0.5251389741897583
0.6372475624084473
0.628948450088501
0.5528904795646667
0.7289580702781677
0.588957667350769
0.8027721047401428
0.6146491765975952
0.5655041933059692
0.6184539198875427
0.581782341003418
0.5486662983894348
0.7532527446746826
0.571311891078949
0.6225523948669434
0.649031937122345
0.5116688013076782
0.5285256505012512
0.5074371099472046
0.5921289324760437
0.5099219679832458
0.6137512922286987
0.5171034932136536
0.5429211854934692
0.5379473567008972
0.7057478427886963
0.508603036403656
0.702326774597168
0.7643054723739624
0.6222512125968933
0.5385994911193848
0.5917986631393433
0.5064762234687805
0.5816735625267029
0.5908388495445251
0.6713746786117554
0.5375906229019165
0.5916655659675598
0.6766289472579956
0.6687190532684326
0.520770251750946
0.5042716860771179
0.5263026356697083
0.6307580471038818
0.6307432055473328
0.7000299692153931
0.502606987953186
0.6020892262458801
0.5009376406669617
0.5354799628257751
0.5681564807891846
0.5839211940765381
0.7134135365486145
0.5636284351348877
0.6792093515396118
0.6127923130989075
0.5011453628540039
0.5440087914466858
0.6965583562850952
0.6506520509719849
0.6503316164016724
0.6440990567207336
0.5066070556640625
0.6023896932601929
0.6147662997245789
0.6115326285362244
0.5470981001853943
0.5142994523048401
0.6171751022338867
0.5457565784454346
0.5764613747596741
0.6218597292900085
0.5007330775260925
0.5177019834518433
0.6260210275650024
0.511509895324707
0.668401837348938
0.5591137409210205
0.5388617515563965
0.5242010951042175
0.5352606177330017
0.5187215805053711
0.5008463859558105
0.7300099730491638
0.6020424962043762
0.6420878171920776
0.5059233903884888
0.5397823452949524
0.5307585000991821
0.5457868576049805
0.688602864742279
0.5849164128303528
0.5634666681289673
0.6188611388206482
0.5091474056243896
0.6141861081123352
0.6048436760902405
0.6540359854698181
0.6223886013031006
0.501760721206665
0.6240536570549011
0.6615157127380371
0.6355461478233337
0.603354275226593
0.6856493949890137
0.5473930239677429
0.6920523047447205
0.5215792059898376
0.5517712235450745
0.6162899136543274
0.535114586353302
0.5979103446006775
0.572723925113678
0.7931739687919617
0.5641207098960876
0.5346074104309082
0.5115041136741638
0.6044520735740662
0.5180246233940125
0.7279829978942871
0.555364727973938
0.5529880523681641
0.5128980278968811
0.5516989827156067
0.5312703251838684
0.6988943219184875
0.5508361458778381
0.5161188244819641
0.5240313410758972
0.5432334542274475
0.6145544648170471
0.6701365113258362
0.5353250503540039
0.5936645269393921
0.6578603982925415
0.6144604086875916
0.6180345416069031
0.5349476337432861
0.7259683609008789
0.5857654809951782
0.5305517911911011
0.508202314376831
0.701278805732727
0.5121639966964722
0.6078770756721497
0.5832547545433044
0.5978664755821228
0.6460548043251038
0.5067797899246216
0.6627236604690552
0.5252065062522888
0.5940676331520081
0.5288722515106201
0.5788550972938538
0.5199078917503357
0.6438775658607483
0.6013717651367188
0.5701215863227844
0.5610887408256531
0.624078094959259
0.6557828783988953
0.689160168170929
0.5891464352607727
0.5974505543708801
0.6755957007408142
0.5331513285636902
0.6007183790206909
0.5332698225975037
0.5435869097709656
0.5728999376296997
0.5316045880317688
0.5513486862182617
0.5245901346206665
0.6794523596763611
0.661045253276825
0.6332659125328064
0.6215593218803406
0.5992521047592163
0.5467756986618042
0.501505970954895
0.5236351490020752
0.5887261629104614
0.7030338644981384
0.7318788766860962
0.7221978902816772
0.55648273229599
0.510817289352417
0.5052993297576904
0.6027454137802124
0.5855731964111328
0.6508249044418335
0.5783296823501587
0.5399360656738281
0.6687755584716797
0.5590397119522095
0.5052978992462158
0.5246495008468628
0.5492300391197205
0.6886672973632812
0.5906519293785095
0.5052460432052612
0.5387799739837646
0.5043849349021912
0.5869084000587463
0.6523599624633789
0.5079851746559143
0.657599687576294
0.6646086573600769
0.5776771903038025
0.6750440001487732
0.623860776424408
0.5597591400146484
0.5823287963867188
0.5854600071907043
0.5786054730415344
0.5825035572052002
0.5628778338432312
0.6705034971237183
0.5876131057739258
0.6738120317459106
0.7037947177886963
0.6127235293388367
0.5239913463592529
0.5408010482788086
0.5063150525093079
0.5458674430847168
0.5624485611915588
0.5907312631607056
0.5607597231864929
0.6063379645347595
0.5662667155265808
0.5662794709205627
0.637592077255249
0.5739595890045166
0.7002452611923218
0.5928698778152466
0.5993013978004456
0.5898259878158569
0.5364606380462646
0.5300858616828918
0.5764442086219788
0.5599019527435303
0.5006639361381531
0.5095619559288025
0.5110437273979187
0.5871694087982178
0.6785700917243958
0.6786029934883118
0.6116928458213806
0.6201879978179932
0.5309165120124817
0.6335316896438599
0.7098500728607178
0.5527858138084412
0.5587912797927856
0.564431369304657
0.5272717475891113
0.5383128523826599
0.6608990430831909
0.5661205053329468
0.6624659895896912
0.592422604560852
0.664482831954956
0.6711537837982178
0.5681982040405273
0.6877725720405579
0.7041065692901611
0.5051214694976807
0.6813868284225464
0.6918506622314453
0.5031791925430298
0.5444300174713135
0.5916507840156555
0.7065220475196838
0.5143525004386902
0.5150399804115295
0.7191575765609741
0.5549100041389465
0.5553268790245056
0.6287514567375183
0.6355558633804321
0.6448127031326294
0.5188894867897034
0.6085497140884399
0.6150848865509033
0.5660309195518494
0.7174983024597168
0.5315260887145996
0.5286130309104919
0.5814285278320312
0.5149289965629578
0.5407286882400513
0.5836115479469299
0.5884761214256287
0.5500991940498352
0.5870450139045715
0.5415403842926025
0.6826810240745544
0.8258521556854248
0.5786677002906799
0.5290665030479431
0.6357066035270691
0.6213697195053101
0.6161218285560608
0.5339221358299255
0.524715781211853
0.5466499328613281
0.6147505044937134
0.6305174231529236
0.5112629532814026
0.5774751901626587
0.5433221459388733
0.5126998424530029
0.5245711207389832
0.5154062509536743
0.5339474678039551
0.573089063167572
0.5732170343399048
0.5331271886825562
0.7152571678161621
0.5859389305114746
0.5902394652366638
0.5063571333885193
0.6106814742088318
0.6175787448883057
0.6221175193786621
0.5974391102790833
0.7144603729248047
0.5280468463897705
0.6371303796768188
0.5239478349685669
0.6315173506736755
0.531076192855835
0.6196682453155518
0.60914546251297
0.580406904220581
0.6253150105476379
0.55948805809021
0.5797313451766968
0.6336939334869385
0.6196267008781433
0.6294679045677185
0.549943208694458
0.609947144985199
0.5325111746788025
0.5046989917755127
0.7180562019348145
0.6992115378379822
0.5423962473869324
0.540241539478302
0.5715849995613098
0.6683263778686523
0.5044466853141785
0.5252386927604675
0.5644045472145081
0.6153100728988647
0.5355308651924133
0.5178035497665405
0.6553698182106018
0.5244364738464355
0.6406512260437012
0.5147877931594849
0.6436322927474976
0.6451270580291748
0.5362257957458496
0.6591452360153198
0.6736831068992615
0.5686030983924866
0.5288704633712769
0.609031081199646
0.5887066125869751
0.6896112561225891
0.5813945531845093
0.5320056676864624
0.584812343120575
0.6397404670715332
0.6046648621559143
0.577015221118927
0.5934528708457947
0.5454831123352051
0.525648832321167
0.5377755165100098
0.5038639307022095
0.6836422681808472
0.5623900890350342
0.5469692349433899
0.6634074449539185
0.5509598255157471
0.6666937470436096
0.5895347595214844
0.596173882484436
0.7183619737625122
0.6737302541732788
0.6383653283119202
0.5232148170471191
0.5665270686149597
0.513217031955719
0.5498252511024475
0.5461363196372986
0.5115833282470703
0.5085819959640503
0.5379128456115723
0.6360601186752319
0.5441858768463135
0.5779609680175781
0.5478691458702087
0.7274602651596069
0.5406709313392639
0.6263973116874695
0.5662760734558105
0.5504425764083862
0.6829254627227783
0.5928090214729309
0.6741073131561279
0.5149553418159485
0.6132259368896484
0.5124292373657227
0.5617717504501343
0.6664217710494995
0.5596537590026855
0.5122947096824646
0.7415515184402466
0.6655586957931519
0.6411380767822266
0.5436564683914185
0.6041505336761475
0.6053464412689209
0.6598066091537476
0.6048970222473145
0.507966935634613
0.5095195770263672
0.5018473863601685
0.5845439434051514
0.614420473575592
0.5621657967567444
0.5585147738456726
0.6449252367019653
0.5507563948631287
0.5932633876800537
0.5483670234680176
0.5508583188056946
0.6341392397880554
0.644260048866272
0.6310788989067078
0.5921800136566162
0.5315361022949219
0.5556738376617432
0.5013008117675781
0.5645949840545654
0.5907607078552246
0.6796679496765137
0.5235502123832703
0.5552418231964111
0.6396970152854919
0.5513443350791931
0.54552161693573
0.5011600255966187
0.6055181622505188
0.5569366812705994
0.6352642774581909
0.5754545331001282
0.6334599256515503
0.7302361130714417
0.5408868193626404
0.7608343362808228
0.5503755807876587
0.5225989818572998
0.542863667011261
0.7199351191520691
0.7066996693611145
0.5773643851280212
0.5164791941642761
0.6135247349739075
0.5568617582321167
0.515174388885498
0.7226623296737671
0.680256724357605
0.7213817834854126
0.7074400186538696
