0.4783686697483063
0.3918686807155609
0.44133689999580383
0.4897878170013428
0.43822938203811646
0.4142979681491852
0.49928125739097595
0.34454309940338135
0.48863863945007324
0.4216839373111725
0.4883061945438385
0.41321489214897156
0.4524206221103668
0.35553866624832153
0.28971341252326965
0.4131867289543152
0.43371766805648804
0.32313060760498047
0.4018419682979584
0.4412464499473572
0.4666823148727417
0.35004836320877075
0.4937593340873718
0.3191778063774109
0.26045310497283936
0.43199780583381653
0.35935521125793457
0.4994969964027405
0.36674362421035767
0.47876912355422974
0.3483690321445465
0.4113931357860565
0.4771633446216583
0.44796809554100037
0.3619278371334076
0.381185382604599
0.48490896821022034
0.3496062159538269
0.48142680525779724
0.3155127465724945
0.3931983709335327
0.2766340374946594
0.3614204525947571
0.46872636675834656
0.48545241355895996
0.39797210693359375
0.43921351432800293
0.329056978225708
0.49138936400413513
0.4088937044143677
0.44560307264328003
0.34300661087036133
0.48056498169898987
0.45361781120300293
0.4266386330127716
0.4794852137565613
0.3573158085346222
0.49720704555511475
0.42369115352630615
0.3444238007068634
0.3506864309310913
0.35862401127815247
0.45037561655044556
0.38734593987464905
0.4644785523414612
0.3294071555137634
0.3926701545715332
0.4617336690425873
0.4503593146800995
0.470503032207489
0.4069657027721405
0.4123847186565399
0.3822225332260132
0.3267388343811035
0.35596609115600586
0.29282209277153015
0.4587950110435486
0.4342398941516876
0.4325130879878998
0.2709271013736725
0.45398804545402527
0.4448513388633728
0.23678754270076752
0.455631285905838
0.41006404161453247
0.2804679572582245
0.4210233688354492
0.37396013736724854
0.4021300673484802
0.46700993180274963
0.38834327459335327
0.40904200077056885
0.41685616970062256
0.3028563857078552
0.3936164975166321
0.397667795419693
0.39636489748954773
0.4015328884124756
0.33431094884872437
0.3582174479961395
0.3672942817211151
0.37512728571891785
0.2851490080356598
0.4558192193508148
0.48476776480674744
0.4336921274662018
0.3970719873905182
0.3364875316619873
0.49456164240837097
0.42360150814056396
0.3817768096923828
0.41090187430381775
0.47278496623039246
0.41789284348487854
0.3694417178630829
0.2890380918979645
0.31164607405662537
0.4966089725494385
0.420266330242157
0.46419084072113037
0.4571608006954193
0.47266098856925964
0.4463731646537781
0.33120962977409363
0.3602161705493927
0.34091031551361084
0.4672608971595764
0.4606393277645111
0.27961570024490356
0.37318137288093567
0.3854678273200989
0.4501107335090637
0.4316768944263458
0.28445008397102356
0.4355579912662506
0.46066632866859436
0.37277165055274963
0.45998698472976685
0.43988433480262756
0.42900344729423523
0.4459872543811798
0.38177669048309326
0.43563753366470337
0.40851131081581116
0.4378700256347656
0.4535815715789795
0.4419851303100586
0.4320296049118042
0.4310549795627594
0.4675210416316986
0.45004802942276
0.48892343044281006
0.4557282328605652
0.45180976390838623
0.4169873595237732
0.3062207102775574
0.4558056890964508
0.3648572266101837
0.40447747707366943
0.4491133689880371
0.45452794432640076
0.4072817265987396
0.4550148546695709
0.42886796593666077
0.3806611895561218
0.4204055070877075
0.387952983379364
0.4664270281791687
0.4932146966457367
0.3341420888900757
0.2751022279262543
0.3136914372444153
0.33375972509384155
0.2698494791984558
0.40063655376434326
0.369452565908432
0.4633503258228302
0.434407114982605
0.42068246006965637
0.36904576420783997
0.41641929745674133
0.47090455889701843
0.4301062822341919
0.4280024766921997
0.4967951774597168
0.3483124375343323
0.4637921154499054
0.4408086836338043
0.4847204089164734
0.40492936968803406
0.3905288279056549
0.3849261999130249
0.3896472454071045
0.48611587285995483
0.4847939908504486
0.27596917748451233
0.49972885847091675
0.2697887718677521
0.3152032494544983
0.3376252353191376
0.33131110668182373
0.48984456062316895
0.47367554903030396
0.37985923886299133
0.46370649337768555
0.43549877405166626
0.46931299567222595
0.4853699803352356
0.35024216771125793
0.48139509558677673
0.4504896104335785
0.4674123227596283
0.4069999158382416
0.4090438485145569
0.44386112689971924
0.4316096305847168
0.44062286615371704
0.41763633489608765
0.4661031663417816
0.41466253995895386
0.4528957009315491
0.3930499851703644
0.43643948435783386
0.4050777852535248
0.4709520637989044
0.40166690945625305
0.46773168444633484
0.4041430652141571
0.4480118751525879
0.4877794086933136
0.3726973235607147
0.44611606001853943
0.41840022802352905
0.3472101390361786
0.2960299849510193
0.49580755829811096
0.34918156266212463
0.34779608249664307
0.3803398609161377
0.45808422565460205
0.28852254152297974
0.4920036196708679
0.46538087725639343
0.27260705828666687
0.4206835627555847
0.44992125034332275
0.3349255621433258
0.38682469725608826
0.41384586691856384
0.45357000827789307
0.3806562125682831
0.49602365493774414
0.4754856526851654
0.44886717200279236
0.4772687256336212
0.44260430335998535
0.43280962109565735
0.37490516901016235
0.4601447284221649
0.3924701511859894
0.39955323934555054
0.3802509903907776
0.21588601171970367
0.4998611807823181
0.45141682028770447
0.3232021629810333
0.48918217420578003
0.49040570855140686
0.48523980379104614
0.3560604751110077
0.47038131952285767
0.4146663546562195
0.40177133679389954
0.3135334253311157
0.4312017560005188
0.44706031680107117
0.3515470623970032
0.30240413546562195
0.4527572691440582
0.4700974225997925
0.4163352847099304
0.37127628922462463
0.4121977388858795
0.4761520028114319
0.4953661262989044
0.4829736053943634
0.4679262936115265
0.4474025368690491
0.4852101802825928
0.3223626911640167
0.4829854965209961
0.4936569929122925
0.36532115936279297
0.35054653882980347
0.47713226079940796
0.448419451713562
0.42732352018356323
0.3794247806072235
0.45571112632751465
0.4177512228488922
0.4973723590373993
0.41944262385368347
0.442055344581604
0.3697982430458069
0.490178644657135
0.4857637286186218
0.3430953919887543
0.4331630766391754
0.3794645071029663
0.4238368272781372
0.47558674216270447
0.35629937052726746
0.4750157594680786
0.31500163674354553
0.38615721464157104
0.2887963652610779
0.3220253884792328
0.3776393532752991
0.422321081161499
0.46916893124580383
0.4826675355434418
0.39805611968040466
0.2858721911907196
0.4206886887550354
0.4674062132835388
0.3794619143009186
0.48611703515052795
0.2851261794567108
0.3337710499763489
0.4444069266319275
0.4314931035041809
0.44813376665115356
0.36834460496902466
0.42317861318588257
0.39716362953186035
0.41542136669158936
0.4931235611438751
0.47519639134407043
0.4284447133541107
0.48005229234695435
0.4745989739894867
0.35866662859916687
0.46956825256347656
0.4883939027786255
0.3079257309436798
0.45517557859420776
0.40916603803634644
0.4288152754306793
0.44443270564079285
0.41947537660598755
0.25730177760124207
0.44372740387916565
0.4346604645252228
0.4429056644439697
0.3893107771873474
0.33789172768592834
0.3650657534599304
0.38360998034477234
0.3776583969593048
0.3125312626361847
0.48974862694740295
0.4605562090873718
0.3458689749240875
0.23664964735507965
0.3305780589580536
0.4626252055168152
0.46923571825027466
0.40268436074256897
0.426333487033844
0.40386614203453064
0.42317622900009155
0.3382854461669922
0.35987257957458496
0.4554171562194824
0.36524757742881775
0.4594383239746094
0.37430059909820557
0.30783790349960327
0.4235871732234955
0.3936188519001007
0.33887210488319397
0.3241303861141205
0.448487251996994
0.46812742948532104
0.2521946132183075
0.30820557475090027
0.42559295892715454
0.4283280074596405
0.44111520051956177
0.41027554869651794
0.2856294512748718
0.4207431972026825
0.3687966763973236
0.49023935198783875
0.36731013655662537
0.41212335228919983
0.4409061372280121
0.45612114667892456
0.38821226358413696
0.329428106546402
0.44973015785217285
0.46965110301971436
0.4830681085586548
0.4939418435096741
0.42963775992393494
0.4807097911834717
0.46154120564460754
0.4477066993713379
0.3173503875732422
0.4003317952156067
0.473499596118927
0.43260928988456726
0.39483368396759033
0.3566659390926361
0.4333896338939667
0.42059019207954407
0.4487525224685669
0.30422210693359375
0.44971197843551636
0.384099543094635
0.48938941955566406
0.3372286260128021
0.45072004199028015
0.35355520248413086
0.40083107352256775
0.4379104673862457
0.2822473347187042
0.47704312205314636
0.48595067858695984
0.46055686473846436
0.41009700298309326
0.4359181225299835
0.4972327947616577
0.3913462162017822
0.48622849583625793
0.3320940434932709
0.36082854866981506
0.49576690793037415
0.3860449492931366
0.329833984375
0.3595074713230133
0.1792624443769455
0.3246850073337555
0.45176997780799866
0.34477585554122925
0.4170277714729309
0.3923870623111725
0.4375012218952179
0.36112239956855774
0.47919490933418274
0.4165263772010803
0.46494922041893005
0.36998459696769714
0.3048926591873169
0.43323612213134766
0.437650591135025
0.46679121255874634
0.49772128462791443
0.49702703952789307
0.3605952858924866
0.3736162483692169
0.4081592559814453
0.4612303078174591
0.3661206066608429
0.4786646366119385
0.49235135316848755
0.39219245314598083
0.20410053431987762
0.45802611112594604
0.27564164996147156
0.46975016593933105
0.46866926550865173
0.36401259899139404
0.45688122510910034
0.4367881715297699
0.45578622817993164
0.44728022813796997
0.44789424538612366
0.45760977268218994
0.4311354458332062
0.3702961802482605
0.44593366980552673
0.38816195726394653
0.4787226915359497
0.4776029884815216
0.47942110896110535
0.3349049985408783
0.4638133943080902
0.49958205223083496
0.3032020330429077
0.2878654897212982
0.4395642578601837
0.4948103129863739
0.30861783027648926
0.36922237277030945
0.4584007263183594
0.39642333984375
0.4469664692878723
0.46925458312034607
0.41860565543174744
0.4016752541065216
0.43622806668281555
0.28842893242836
0.45862820744514465
0.4827477037906647
0.3844483494758606
0.49157431721687317
0.3499026894569397
0.49369585514068604
0.3324837386608124
0.4576047956943512
0.49345123767852783
0.4942474067211151
0.4394685626029968
0.28668302297592163
0.48611393570899963
0.49092403054237366
0.3378240764141083
0.4964277148246765
0.3498077690601349
0.46506744623184204
0.21256953477859497
0.49777859449386597
0.25147545337677
0.3694162368774414
0.49903327226638794
0.3045493960380554
0.39095285534858704
0.45392242074012756
0.36374759674072266
0.4977457523345947
0.21257662773132324
0.4731708765029907
0.49231019616127014
0.40558674931526184
0.2728351652622223
0.4876236617565155
0.3504221737384796
0.381220281124115
0.4370936453342438
0.4259531497955322
0.4535696506500244
0.4162343144416809
0.4001130759716034
0.3554629981517792
0.3933884799480438
0.4694540798664093
0.48401039838790894
0.4345816671848297
0.4355109930038452
0.45913031697273254
0.36720433831214905
0.4755721986293793
0.43873390555381775
0.4173153042793274
0.32455161213874817
0.4245031177997589
0.48507073521614075
0.45752114057540894
0.37507468461990356
0.3566116690635681
0.471469908952713
0.452942430973053
0.4110654294490814
0.48025429248809814
0.37024208903312683
0.2846050262451172
0.4105360209941864
0.46699053049087524
0.47866708040237427
0.24988658726215363
0.4799027442932129
0.42563652992248535
0.38962817192077637
0.48606953024864197
0.4558483958244324
0.3350512385368347
0.40548762679100037
0.46187469363212585
0.47557753324508667
0.41072139143943787
0.4920356273651123
0.44597840309143066
0.334375262260437
0.4644353985786438
0.2921449542045593
0.4847354590892792
0.326439768075943
0.36226293444633484
0.45659226179122925
0.44672447443008423
0.40791618824005127
0.4027656614780426
0.33846402168273926
0.37592485547065735
0.4859767258167267
0.45829635858535767
0.4847022294998169
0.35861992835998535
0.35956186056137085
0.42107677459716797
0.4896980822086334
0.43239256739616394
0.45191264152526855
0.4400466978549957
0.49924391508102417
0.345624715089798
0.4808538258075714
0.30498969554901123
0.44516733288764954
0.4608559012413025
0.46316713094711304
0.46276605129241943
0.4732343256473541
0.3059884309768677
0.46927446126937866
0.4647379219532013
0.4796602725982666
0.3964420258998871
0.36364683508872986
0.4779868423938751
0.4205491244792938
0.45714035630226135
0.457535058259964
0.44545865058898926
0.36804160475730896
0.45273536443710327
0.4467776119709015
0.4209774434566498
0.32327067852020264
0.37166088819503784
0.4350168704986572
0.34265658259391785
0.3664364814758301
0.46695253252983093
0.441506952047348
0.37639689445495605
0.22090354561805725
0.47129541635513306
0.47997793555259705
0.3899458348751068
0.40711793303489685
0.4162158668041229
0.489911824464798
0.4603523910045624
0.4444117248058319
0.4552673399448395
0.4121405780315399
0.4795241951942444
0.46743813157081604
0.4869707226753235
0.4959667921066284
0.41467738151550293
0.4490068852901459
0.3174503743648529
0.34874245524406433
0.4695057272911072
0.4847562611103058
0.3999796211719513
0.4833070635795593
0.4864453077316284
0.28315508365631104
0.3837316930294037
0.3368123471736908
0.48055586218833923
0.4599926173686981
0.3308527171611786
0.4613839387893677
0.49059176445007324
0.4769209027290344
0.4943520128726959
0.4338209629058838
0.4267479479312897
0.49820631742477417
0.4358595609664917
0.37535521388053894
0.46604403853416443
0.27393028140068054
0.4159127473831177
0.4934019446372986
0.36876627802848816
0.39585015177726746
0.47583869099617004
0.40346795320510864
0.3522936701774597
0.4008806645870209
0.49478670954704285
0.49472886323928833
0.47644364833831787
0.4998350739479065
0.3559574782848358
0.3722829818725586
0.4618488550186157
0.4527607262134552
0.4676983952522278
0.4861025810241699
0.46162518858909607
0.4422813951969147
0.32619503140449524
0.4130352735519409
0.34403470158576965
0.2769734859466553
0.3781582713127136
0.43961286544799805
0.43358176946640015
0.33926820755004883
0.31197798252105713
0.4896129369735718
0.44259414076805115
0.24728214740753174
0.3920304477214813
0.36393097043037415
0.31987541913986206
0.4870090186595917
0.29442429542541504
0.3889419436454773
0.46091848611831665
0.41309013962745667
0.46502670645713806
0.33328431844711304
0.4642984867095947
0.23337824642658234
0.441158264875412
0.4971160292625427
0.39823031425476074
0.45946863293647766
0.4423992335796356
0.4449373781681061
0.36234185099601746
0.32014399766921997
0.4596787393093109
0.47127869725227356
0.4725073575973511
0.31336331367492676
0.30833736062049866
0.35340943932533264
0.36733728647232056
0.34295687079429626
0.40394505858421326
0.4706032872200012
0.4759995639324188
0.25385546684265137
0.4939709007740021
0.4326915442943573
0.4688255190849304
0.2751188278198242
0.2671273946762085
0.39996737241744995
0.3211215138435364
0.27667370438575745
0.46991977095603943
0.33334821462631226
0.367499977350235
0.410831481218338
0.27960991859436035
0.4718814492225647
0.41367027163505554
0.46610501408576965
0.4053499102592468
0.36503496766090393
0.4929404556751251
0.30324146151542664
0.2728234529495239
0.4558330476284027
0.4332675039768219
0.4869947135448456
0.38686347007751465
0.43763992190361023
0.4599127471446991
0.3405345380306244
0.3490137755870819
0.4270467162132263
0.30745646357536316
0.4500386714935303
0.3069092631340027
0.3616366982460022
0.394752562046051
0.40238431096076965
0.4288237988948822
0.4401836395263672
0.4944521486759186
0.48192569613456726
0.40850645303726196
0.4747427999973297
0.397360622882843
0.4709000289440155
0.4537917673587799
0.4340673089027405
0.473665326833725
0.3583599030971527
0.4275881350040436
0.3776475787162781
0.4877025783061981
0.475485622882843
0.41577568650245667
0.36165493726730347
0.2688342034816742
0.3907106816768646
0.4494578540325165
0.4986814558506012
0.3840640187263489
0.41026684641838074
0.43184423446655273
0.4050939381122589
0.4238191545009613
0.48948514461517334
0.2980388402938843
0.43279823660850525
0.48125287890434265
0.4064037501811981
0.45041903853416443
0.36545926332473755
0.35146650671958923
0.406434565782547
0.4526660740375519
0.49237820506095886
0.47746142745018005
0.4842049479484558
0.46543338894844055
0.4964337944984436
0.45254749059677124
0.37092509865760803
0.3579912781715393
0.4319603741168976
0.41264572739601135
0.3590867221355438
0.45440736413002014
0.2852734327316284
0.31588754057884216
0.3871883451938629
0.44016551971435547
0.37427619099617004
0.4681319296360016
0.37986621260643005
0.4741800129413605
0.35386940836906433
0.4845256805419922
0.3446701765060425
0.4833105206489563
0.4357120096683502
0.3661642372608185
0.4245913624763489
0.49266254901885986
0.42567217350006104
0.37821653485298157
0.3861243426799774
0.4640909433364868
0.4907757639884949
0.3293471336364746
0.47214359045028687
0.4855459928512573
0.43637028336524963
0.4635810852050781
0.2659419775009155
0.3778083324432373
0.48625874519348145
0.1863648146390915
0.47093966603279114
0.3437812626361847
0.3959348797798157
0.45836079120635986
0.35968032479286194
0.35672834515571594
0.44230106472969055
0.4141596257686615
0.4418528974056244
0.3499149978160858
0.3211093842983246
0.3662770390510559
0.23427559435367584
0.46172434091567993
0.48350006341934204
0.4024326205253601
0.3968978822231293
0.41703566908836365
0.43947747349739075
0.38667404651641846
0.23700959980487823
0.4466756284236908
0.4821892976760864
0.4893696904182434
0.16675886511802673
0.4213549494743347
0.3159812092781067
0.47963979840278625
0.3181805908679962
0.2852557301521301
0.4877270758152008
0.47489309310913086
0.4286760985851288
0.4187993109226227
0.4999427795410156
0.4998543858528137
0.36013302206993103
0.3380686342716217
0.3777252733707428
0.4153655469417572
0.3670606017112732
0.4818338453769684
0.48974329233169556
0.4719330072402954
0.4477236270904541
0.416028767824173
0.4055714011192322
0.43132859468460083
0.41352611780166626
0.34793466329574585
0.24510744214057922
0.47008049488067627
0.47232967615127563
0.40397942066192627
0.3696438670158386
0.49043703079223633
0.3909960985183716
0.4543343782424927
0.47642040252685547
0.47181472182273865
0.34497323632240295
0.4082721471786499
0.453153520822525
0.4737808108329773
0.30086368322372437
0.2890112102031708
0.47683605551719666
0.4730971157550812
0.46669331192970276
0.43246349692344666
0.4247323274612427
0.42907005548477173
0.417117714881897
0.44584089517593384
0.22489996254444122
0.36304882168769836
0.2492971420288086
0.41349732875823975
0.2978980839252472
0.25209859013557434
0.46308037638664246
0.4998736083507538
0.40595054626464844
0.43070682883262634
0.31391483545303345
0.33313170075416565
0.3380541503429413
0.4905107021331787
0.31968954205513
0.4590133726596832
0.35136908292770386
0.3410507142543793
0.3359217345714569
0.42642390727996826
0.4825182855129242
0.36333152651786804
0.2667786180973053
0.48373082280158997
0.34096410870552063
0.39684203267097473
0.26944631338119507
0.3946833312511444
0.37767133116722107
0.49258318543434143
0.33649441599845886
0.4959088861942291
0.4758965075016022
0.391265332698822
0.4619510769844055
0.4862588047981262
0.4978906512260437
0.4920591711997986
0.33846697211265564
0.30114275217056274
0.4231618642807007
0.449808806180954
0.4646657407283783
0.3978513777256012
0.4951828122138977
0.47191518545150757
0.4492478668689728
0.43341338634490967
0.31020474433898926
0.48313722014427185
0.408796101808548
0.49538928270339966
0.4439322054386139
0.47982358932495117
0.485930472612381
0.4162725508213043
0.4658800959587097
0.4492042362689972
0.38410404324531555
0.24623088538646698
0.3665205240249634
0.4478287696838379
0.4579744338989258
0.3650300204753876
0.3714771866798401
0.4757654368877411
0.3916839361190796
0.4565773010253906
0.47450312972068787
0.27833491563796997
0.48039737343788147
0.3538973033428192
0.4400624632835388
0.45250195264816284
0.4553685486316681
0.43675506114959717
0.45931321382522583
0.48625388741493225
0.3559225797653198
0.3667522966861725
0.45816338062286377
0.4630551040172577
0.4585903286933899
0.3585042953491211
0.3709509074687958
0.331130713224411
0.4720446467399597
0.39272016286849976
0.47518399357795715
0.3880534768104553
0.3118778467178345
0.4013524651527405
0.3456445038318634
0.43376216292381287
0.38557207584381104
0.45728006958961487
0.4742788076400757
0.49451249837875366
0.4510843753814697
0.48109909892082214
0.4815530478954315
0.3913208544254303
0.3093729019165039
0.48276931047439575
0.35024482011795044
0.47504332661628723
0.4762299060821533
0.44223126769065857
0.45570775866508484
0.49449798464775085
0.4556306004524231
0.37453484535217285
0.3634321689605713
0.44072696566581726
0.3935563564300537
0.39463043212890625
0.32231605052948
0.49231255054473877
0.31817367672920227
0.4938056468963623
0.3766922056674957
0.44726651906967163
0.3921213150024414
0.4513514041900635
0.49747705459594727
0.4852134585380554
0.4902811050415039
0.4978795051574707
0.3667442202568054
0.38761067390441895
0.419677197933197
0.43768227100372314
0.4703197479248047
0.4803386330604553
0.45998308062553406
0.3718336224555969
0.30857053399086
0.4005310535430908
0.49632391333580017
0.4229588508605957
0.40444403886795044
0.29528045654296875
0.4417334794998169
0.3881293535232544
0.3473425805568695
0.45727765560150146
0.3360413610935211
0.43810707330703735
0.46336182951927185
0.2602386772632599
0.48437172174453735
0.41795626282691956
0.4620603919029236
0.49752795696258545
0.45775920152664185
0.3316037058830261
0.4445592761039734
0.48225486278533936
0.396231085062027
0.49606144428253174
0.41611263155937195
0.4809873104095459
0.49389058351516724
0.4971975088119507
0.4937250018119812
0.4166409373283386
0.2722361385822296
0.4820196032524109
0.41459575295448303
0.4908750355243683
0.41770514845848083
0.3910176753997803
0.23269057273864746
0.4689851701259613
0.46036863327026367
0.4764620363712311
0.33666908740997314
0.3545707166194916
0.46684500575065613
0.405914306640625
0.44457513093948364
0.3237341344356537
0.41888657212257385
0.4303571283817291
0.40663036704063416
0.4895399510860443
0.42442646622657776
0.389053612947464
0.3832409083843231
0.4556916058063507
0.43575671315193176
0.40949711203575134
0.4040040373802185
0.4109417796134949
0.4137074947357178
0.2510949969291687
0.4956113398075104
0.45407867431640625
0.40553712844848633
0.29761189222335815
0.3953053951263428
0.4841211140155792
0.44497933983802795
0.3962503969669342
0.42298486828804016
0.3721757233142853
0.47384753823280334
0.3430038392543793
0.3244214355945587
0.3816874325275421
0.30258724093437195
0.3686642348766327
0.4515179395675659
0.2872077524662018
0.340568482875824
0.4165753722190857
0.4634729325771332
0.4798467755317688
0.4774029552936554
0.42257678508758545
0.4113845229148865
0.4586227834224701
0.480009526014328
0.4222501516342163
0.4383595585823059
0.3962315320968628
0.47263380885124207
0.3829003870487213
0.3342667818069458
0.4694156348705292
0.49201342463493347
0.39210981130599976
0.3282424807548523
0.34119346737861633
0.45780622959136963
0.48836424946784973
0.29580262303352356
0.3744826912879944
0.43299463391304016
0.3248702883720398
0.44717469811439514
0.47723087668418884
0.3685770034790039
0.4409809708595276
0.48524340987205505
0.2858007252216339
0.42992374300956726
0.3523930311203003
0.31487584114074707
0.4584338665008545
0.24803009629249573
0.3730895221233368
0.2594383656978607
0.41482770442962646
0.2336258590221405
0.46126434206962585
0.31559810042381287
0.38515451550483704
0.4596424400806427
0.4985736310482025
0.44483116269111633
0.3868574798107147
0.47866231203079224
0.3572480082511902
0.49519988894462585
0.4824511408805847
0.48522722721099854
0.26292359828948975
0.3041101098060608
0.47731634974479675
0.45496833324432373
0.39915168285369873
0.39716440439224243
0.4506855905056
0.4076029658317566
0.47745707631111145
0.4739744961261749
0.4354534447193146
0.3860696256160736
0.49469131231307983
0.2966559827327728
0.34035587310791016
0.3926158547401428
0.45045769214630127
0.4308184087276459
0.49145686626434326
0.42625874280929565
0.39508581161499023
0.3846600353717804
0.4954129457473755
0.3757288455963135
0.3772352933883667
0.2503395974636078
0.46821367740631104
0.3963463604450226
0.4636400043964386
0.4529533088207245
0.3628978431224823
0.3747853636741638
0.3664693534374237
0.47657400369644165
0.34728705883026123
0.4740605056285858
0.49946171045303345
0.418487012386322
0.4541597068309784
0.4167865812778473
0.38757458329200745
0.4305584728717804
0.44652894139289856
0.44460922479629517
0.4370895326137543
0.4345531463623047
0.43340587615966797
0.42238476872444153
0.4922841489315033
0.48165786266326904
0.4533103406429291
0.41067400574684143
0.2592184543609619
0.49799221754074097
0.40512171387672424
0.3338452875614166
0.31345489621162415
0.48375204205513
0.456450492143631
0.4897138178348541
0.4429171085357666
0.4193330705165863
0.2968529760837555
0.33367452025413513
0.4897913634777069
0.3652257025241852
0.3631044030189514
0.35369810461997986
0.4457692801952362
0.47948524355888367
0.45968949794769287
0.4829374849796295
0.43871286511421204
0.3609025776386261
0.48716264963150024
0.40186744928359985
0.47564682364463806
0.47703930735588074
0.4099388122558594
0.3265237510204315
0.322041392326355
0.305771142244339
0.4748324453830719
0.4876116216182709
0.4277952015399933
0.4280475974082947
0.3702978491783142
0.47765353322029114
0.49090299010276794
0.3605753183364868
0.4680944085121155
0.43875598907470703
0.3691957890987396
0.4221733808517456
0.3544783890247345
0.42276549339294434
0.41678494215011597
0.48878443241119385
0.4924130439758301
0.49763184785842896
0.36988112330436707
0.4957248568534851
0.46999290585517883
0.3444003462791443
0.4490344226360321
0.46688851714134216
0.3231780230998993
0.4595683515071869
0.3846181333065033
0.44291073083877563
0.43523871898651123
0.22194668650627136
0.38449352979660034
0.40545323491096497
0.37006017565727234
0.4016224443912506
0.38663363456726074
0.37458786368370056
0.4361756443977356
0.4219522774219513
0.49630358815193176
0.39830341935157776
0.38119134306907654
0.496421754360199
0.4254469573497772
0.48484018445014954
0.39993301033973694
0.35234642028808594
0.3139655590057373
0.4625834822654724
0.4790063500404358
0.41588762402534485
0.312775582075119
0.4699680209159851
0.39335137605667114
0.36234724521636963
0.44516754150390625
0.3794459402561188
0.3182535767555237
0.4674972593784332
0.2216392606496811
0.49184322357177734
0.3624902665615082
0.48566994071006775
0.4601341784000397
0.3021242916584015
0.4345703721046448
0.3541024625301361
0.41468170285224915
0.4429433047771454
0.4730617105960846
0.3805394768714905
0.38375866413116455
0.4276001751422882
0.3374257981777191
0.3846713900566101
0.497027188539505
0.39508920907974243
0.43716955184936523
0.35654959082603455
0.44749951362609863
0.4265393614768982
0.45710456371307373
0.48330849409103394
0.3950255513191223
0.4673929810523987
0.4840015172958374
0.4741567075252533
0.4095386564731598
0.45383501052856445
0.4043632447719574
0.4603130519390106
0.388265460729599
0.33074212074279785
0.4080292284488678
0.4741578996181488
0.48872262239456177
0.44968727231025696
0.45113682746887207
0.36646339297294617
0.42339783906936646
0.46960458159446716
0.3998847007751465
0.3417998254299164
0.4849059581756592
0.3810473382472992
0.4889431297779083
0.4844632148742676
0.3211738169193268
0.4100380539894104
0.4585295617580414
0.485639363527298
0.4036969840526581
0.31322070956230164
0.4157527685165405
0.3897112011909485
0.435219407081604
0.4417164921760559
0.4259636700153351
0.45086756348609924
0.4160861074924469
0.35659366846084595
0.49130624532699585
0.4160308241844177
0.28920647501945496
0.48337864875793457
0.2715301811695099
0.396791011095047
0.44658181071281433
0.4408533573150635
0.46120116114616394
0.41946786642074585
0.31107595562934875
0.46366164088249207
0.43738964200019836
0.39525529742240906
0.45328468084335327
0.4638194739818573
0.36226174235343933
0.35749170184135437
0.2701840400695801
0.3656412661075592
0.4000644087791443
0.37239497900009155
0.47410356998443604
0.3559119999408722
0.42849254608154297
0.2924053370952606
0.4122554361820221
0.34113436937332153
0.48414134979248047
0.3191262483596802
0.3750525414943695
0.47027406096458435
0.4612906873226166
0.44111454486846924
0.29363739490509033
0.47556182742118835
0.4368537366390228
0.43482160568237305
0.3076595962047577
0.3702070116996765
0.2781922519207001
0.4427456259727478
0.38816046714782715
0.43998047709465027
0.45454466342926025
0.23816701769828796
0.4839566946029663
0.30659905076026917
0.4314531087875366
0.43849724531173706
0.47615858912467957
0.36144280433654785
0.3557772636413574
0.4674156606197357
0.4769769310951233
0.3605749309062958
0.4777793884277344
0.3409743010997772
0.4970986545085907
0.3280479609966278
0.4282662570476532
0.47190359234809875
0.36081841588020325
0.3342630863189697
0.48582854866981506
0.3409182131290436
0.3452821671962738
0.4114568829536438
0.4772273898124695
0.3864951431751251
0.48918601870536804
0.40255019068717957
0.4695451259613037
0.4022632837295532
0.40401703119277954
0.4621327519416809
0.4307836592197418
0.42399904131889343
0.43759942054748535
0.41787007451057434
0.4331275224685669
0.3420133590698242
0.414277583360672
0.4604429006576538
0.4506692886352539
0.3223018944263458
0.3950349688529968
0.49169501662254333
0.41107964515686035
0.4669663608074188
0.437740683555603
0.4046306312084198
0.4186508357524872
0.2708725333213806
0.39210739731788635
0.4584577977657318
0.4015659987926483
0.486482173204422
0.24027599394321442
0.4105569124221802
0.4686209261417389
0.37286606431007385
0.4164566993713379
0.35093146562576294
0.4344167113304138
0.4071372449398041
0.31430569291114807
0.4796237349510193
0.46529650688171387
0.44068843126296997
0.473112016916275
0.3721119165420532
0.4618036448955536
0.3132956624031067
0.4572657644748688
0.3117828369140625
0.44303154945373535
0.2031448632478714
0.34118762612342834
0.4476888179779053
0.35295721888542175
0.4370073080062866
0.3408344089984894
0.37135764956474304
0.30059340596199036
0.4178926348686218
0.46533265709877014
0.37927117943763733
0.4898509681224823
0.49910205602645874
0.3919113278388977
0.4685073494911194
0.4794824421405792
0.43600520491600037
0.42430612444877625
0.3048863708972931
0.4847908020019531
0.407754510641098
0.3057567775249481
0.4845464527606964
0.4919562339782715
0.4460121989250183
0.3046368956565857
0.4063960313796997
0.49350640177726746
0.2307625114917755
0.49357736110687256
0.449380099773407
0.4940924048423767
0.39184537529945374
0.39910024404525757
0.47238463163375854
0.4891003370285034
0.4946395754814148
0.27795925736427307
0.43620893359184265
0.4720529317855835
0.4742417633533478
0.4924197494983673
0.2711580693721771
0.4290272891521454
0.4532860517501831
0.43069925904273987
0.4290107488632202
0.42502346634864807
0.4595071077346802
0.4204748868942261
0.4384988844394684
0.44973012804985046
0.49039226770401
0.22002887725830078
0.4299893379211426
0.3369518220424652
0.4919348955154419
0.4846121668815613
0.3824822008609772
0.4465540051460266
0.31588757038116455
0.4513389468193054
0.2795172333717346
0.47232335805892944
0.2894080579280853
0.3353186845779419
0.4292066991329193
0.24458283185958862
0.3210201561450958
0.4659203886985779
0.38184869289398193
0.42455795407295227
0.34592005610466003
0.4622822701931
0.372546523809433
0.33154380321502686
0.32863372564315796
0.4387824535369873
0.45716169476509094
0.41430842876434326
0.4181995391845703
0.3817371726036072
0.4480593204498291
0.45051640272140503
0.47686946392059326
0.3312707245349884
0.4750361442565918
0.4946005642414093
0.42263567447662354
0.4704519808292389
0.33575472235679626
0.43036752939224243
0.4563717544078827
0.3942950963973999
0.3605904281139374
0.47475144267082214
0.24181225895881653
0.47670841217041016
0.4953281283378601
0.43018361926078796
0.30624836683273315
0.45625030994415283
0.46553105115890503
0.46328938007354736
0.4424625635147095
0.48229944705963135
0.41957956552505493
0.47673338651657104
0.3607352375984192
0.4608953297138214
0.37985771894454956
0.3776574432849884
0.4371306598186493
0.4807238280773163
0.3870049715042114
0.3412173092365265
0.3250828683376312
0.42468181252479553
0.49322402477264404
0.47850272059440613
0.4253236651420593
0.44806134700775146
0.4562414884567261
0.4071083664894104
0.47823262214660645
0.43072158098220825
0.47088196873664856
0.43658095598220825
0.3750452399253845
0.4477379620075226
0.42483535408973694
0.43938833475112915
0.3990219831466675
0.41251447796821594
0.46278688311576843
0.39563462138175964
0.36416691541671753
0.40770992636680603
0.29902714490890503
0.345508873462677
0.4707152843475342
0.46257561445236206
0.41024965047836304
0.4935590624809265
0.2914367914199829
0.47871753573417664
0.31067875027656555
0.4908501207828522
0.4542480409145355
0.43929147720336914
0.49200543761253357
0.4211457073688507
0.468088835477829
0.44615060091018677
0.3178752064704895
0.34086284041404724
0.3437592685222626
0.4708808958530426
0.45725110173225403
0.24477748572826385
0.3696315884590149
0.40918609499931335
0.40999341011047363
0.41489991545677185
0.3614424765110016
0.4570218324661255
0.28329500555992126
0.38705262541770935
0.45330625772476196
0.3569902777671814
0.4186202883720398
0.4137524664402008
0.3213528096675873
0.34223970770835876
0.3227793574333191
0.4796372056007385
0.4127545952796936
0.4521377384662628
0.32038605213165283
0.3139810264110565
0.42551955580711365
0.38981401920318604
0.46428728103637695
0.44790464639663696
0.48441019654273987
0.30451279878616333
0.3882477581501007
0.43685784935951233
0.49008190631866455
0.2421044260263443
0.4294108748435974
0.3487097918987274
0.4231889247894287
0.42531251907348633
0.4989051818847656
0.33222055435180664
0.4351803660392761
0.450321227312088
0.36772260069847107
0.2966930568218231
0.41774389147758484
0.46700069308280945
0.4719121754169464
0.4877132475376129
0.4724982678890228
0.489620566368103
0.38967108726501465
0.42911484837532043
0.42634037137031555
0.32795649766921997
0.43244317173957825
0.3910228908061981
0.3895525634288788
0.4827185273170471
0.4628344178199768
0.3480278551578522
0.4945153295993805
0.2998998761177063
0.41780203580856323
0.39280322194099426
0.42965900897979736
0.3735504448413849
0.41698846220970154
0.48456743359565735
0.49286606907844543
0.47675177454948425
0.4941614866256714
0.4012918174266815
0.19501295685768127
0.3083760440349579
0.41548246145248413
0.43369969725608826
0.332112580537796
0.2935587167739868
0.35383981466293335
0.4944551885128021
0.3828817903995514
0.4194386303424835
0.2931976616382599
0.22770732641220093
0.4171984791755676
0.441812127828598
0.2923850119113922
0.426695317029953
0.3915519118309021
0.484566867351532
0.363090455532074
0.4896533489227295
0.4187781512737274
0.45862284302711487
0.37847036123275757
0.37544143199920654
0.39686256647109985
0.33603429794311523
0.40188124775886536
0.41701075434684753
0.43457600474357605
0.36234307289123535
0.35911646485328674
0.3698773980140686
0.4948280453681946
0.42287829518318176
0.30211588740348816
0.39827996492385864
0.37233689427375793
0.462413489818573
0.41794195771217346
0.49445778131484985
0.47465428709983826
0.4280467629432678
0.40608182549476624
0.3073348104953766
0.43270546197891235
0.44143441319465637
0.3364529311656952
0.4503535330295563
0.4642885625362396
0.35059860348701477
0.4459870457649231
0.3698238432407379
0.49279943108558655
0.45197099447250366
0.4411386549472809
0.43222010135650635
0.44994860887527466
0.23727737367153168
0.47206851840019226
0.40219348669052124
0.3640991747379303
0.437679648399353
0.4554356336593628
0.25464412569999695
0.45237454771995544
0.3637118935585022
0.4830646812915802
0.4128042757511139
0.45572182536125183
0.4622838497161865
0.46875569224357605
0.45165514945983887
0.3848242163658142
0.48810842633247375
0.4742363393306732
0.41161513328552246
0.3819343149662018
0.37839576601982117
0.4204067289829254
0.4606470465660095
0.4552064836025238
0.3115692436695099
0.47685354948043823
0.44960150122642517
0.4925437867641449
0.3065605163574219
0.4932602047920227
0.46571290493011475
0.368020623922348
0.3679710030555725
0.4794996380805969
0.46047472953796387
0.4519166052341461
0.387363463640213
0.44530612230300903
0.24791298806667328
0.29607346653938293
0.36006462574005127
0.30767205357551575
0.3517529368400574
0.48984697461128235
0.474875807762146
0.4028482139110565
0.45532768964767456
0.40702009201049805
0.48021408915519714
0.25901710987091064
0.3849729597568512
0.35690417885780334
0.44791507720947266
0.45718589425086975
0.41124358773231506
0.32002225518226624
0.35188761353492737
0.4422856271266937
0.44081342220306396
0.4524717926979065
0.4878763258457184
0.3141666054725647
0.46749624609947205
0.35604390501976013
0.3677719235420227
0.49118348956108093
0.43617260456085205
0.386465460062027
0.47068724036216736
0.4911732077598572
0.49140042066574097
0.4711591601371765
0.4315585196018219
0.2849021553993225
0.44861021637916565
0.4609742760658264
0.3941081464290619
0.47940441966056824
0.4006381034851074
0.30473148822784424
0.44993895292282104
0.4514625370502472
0.4929596781730652
0.3516305983066559
0.3795374929904938
0.42016085982322693
0.4872385561466217
0.46483856439590454
0.4830596148967743
0.4669993221759796
0.3907789885997772
0.3994560241699219
0.33483293652534485
0.4372928738594055
0.31723231077194214
0.45899498462677
0.48800474405288696
0.46868807077407837
0.3353457450866699
0.18275219202041626
0.34759533405303955
0.4330093562602997
0.35556790232658386
0.40848955512046814
0.46189072728157043
0.27813902497291565
0.4139171540737152
0.45524683594703674
0.45139679312705994
0.3108561038970947
0.4418180584907532
0.3644903004169464
0.2611953318119049
0.48702380061149597
0.34488826990127563
0.3068089187145233
0.4656693935394287
0.41929373145103455
0.3763134777545929
0.43467241525650024
0.4863395690917969
0.4319499135017395
0.35399362444877625
0.42433393001556396
0.48688268661499023
0.4971746504306793
0.4562069773674011
0.420296847820282
0.42269957065582275
0.446666955947876
0.4318486452102661
0.49352210760116577
0.3577571511268616
0.35854479670524597
0.4908832609653473
0.39149484038352966
0.371273398399353
0.46786409616470337
0.42902785539627075
0.4836108684539795
0.4617815613746643
0.48757559061050415
0.41945022344589233
0.2235531508922577
0.42535319924354553
0.42335307598114014
0.417807012796402
0.48280641436576843
0.37160658836364746
0.4642391800880432
0.4224998950958252
0.33966222405433655
0.2973722815513611
0.44300347566604614
0.43179556727409363
0.3321872651576996
0.3634885549545288
0.4703439772129059
0.32269489765167236
0.4577465057373047
0.25230586528778076
0.4881819486618042
0.4563274085521698
0.49096256494522095
0.37752658128738403
0.32572972774505615
0.29895004630088806
0.4082963764667511
0.47337475419044495
0.3986745774745941
0.3615880012512207
0.36008164286613464
0.4042217433452606
0.3241100013256073
0.4707413613796234
0.3254064917564392
0.3787522315979004
0.4361047148704529
0.3555499017238617
0.4369029998779297
0.32813021540641785
0.475586861371994
0.3334311544895172
0.39968225359916687
0.4454774558544159
0.3244172930717468
0.4874253273010254
0.4934689998626709
0.4219006597995758
0.49403685331344604
0.45429977774620056
0.4886980652809143
0.4166419208049774
0.4095945954322815
0.3154737055301666
0.29607853293418884
0.4895363450050354
0.2715861201286316
0.46642833948135376
0.3681841492652893
0.2678125202655792
0.33797016739845276
0.3867756724357605
0.3835451006889343
0.41251644492149353
0.46700116991996765
0.3378825783729553
0.26772934198379517
0.40731266140937805
0.431584894657135
0.43540462851524353
0.27016595005989075
0.3472481071949005
0.33969825506210327
0.4897063076496124
0.379459023475647
0.334894597530365
0.41688522696495056
0.35128727555274963
0.4301968812942505
0.49062952399253845
0.42654186487197876
0.3959512412548065
0.28410032391548157
0.4994491934776306
0.40057826042175293
0.4375894069671631
0.4716913402080536
0.3838033378124237
0.27124452590942383
0.47387558221817017
0.4363718330860138
0.29468679428100586
0.4752544164657593
0.44680169224739075
0.32860633730888367
0.3589703142642975
0.38444483280181885
0.4303567409515381
0.3992922008037567
0.47874754667282104
0.3746604919433594
0.4822634756565094
0.34711921215057373
0.4128020107746124
0.26552996039390564
0.40723979473114014
0.3671056032180786
0.49794796109199524
0.2991328835487366
0.32692423462867737
0.4839116334915161
0.29924073815345764
0.3819933235645294
0.4820413589477539
0.444385826587677
0.47483980655670166
0.438580185174942
0.4022895097732544
0.22880636155605316
0.40281105041503906
0.3563636243343353
0.4426248371601105
0.3839305341243744
0.4570407569408417
0.41067054867744446
0.3710915446281433
0.48794424533843994
0.4944937825202942
0.4783964157104492
0.3447553217411041
0.46196144819259644
0.4634192883968353
0.42365461587905884
0.46588608622550964
0.4178105890750885
0.3859109878540039
0.3956013321876526
0.47170290350914
0.40878960490226746
0.48427700996398926
0.34493568539619446
0.3488466441631317
0.4683854877948761
0.43104124069213867
0.44425660371780396
0.3616247773170471
0.3263378143310547
0.4409692585468292
0.4707702696323395
0.402249813079834
0.40592265129089355
0.38273856043815613
0.4099276065826416
0.4485640227794647
0.4965294897556305
0.37975651025772095
0.25049230456352234
0.46238580346107483
0.48648709058761597
0.47248393297195435
0.44046851992607117
0.350321501493454
0.3912490904331207
0.40750327706336975
0.4677204489707947
0.4079267680644989
0.4577844738960266
0.2697421610355377
0.44176506996154785
0.44566917419433594
0.47744619846343994
0.4334017038345337
0.40248727798461914
0.4904767870903015
0.32810312509536743
0.19818463921546936
0.38049450516700745
0.4991261065006256
0.45093482732772827
0.4692273736000061
0.3978552222251892
0.4584406912326813
0.4841466546058655
0.48454010486602783
0.38592076301574707
0.49958178400993347
0.3482424318790436
0.3273293673992157
0.44328567385673523
0.431106299161911
0.35936418175697327
0.3746185600757599
0.3534197211265564
0.4011109471321106
0.46696245670318604
0.3388829529285431
0.43491998314857483
0.45782601833343506
0.4638495445251465
0.49853283166885376
0.36253899335861206
0.4085621237754822
0.3745496869087219
0.3932112157344818
0.36750975251197815
0.4351731240749359
0.3302296996116638
0.41201546788215637
0.42323118448257446
0.38703736662864685
0.4940654933452606
0.39009028673171997
0.4683796763420105
0.44060078263282776
0.41510695219039917
0.4813893735408783
0.42462730407714844
0.36366066336631775
0.4574233889579773
0.4796698987483978
0.3840123414993286
0.4585549533367157
0.2343766838312149
0.4783419370651245
0.41696733236312866
0.4347183108329773
0.4885539710521698
0.49647167325019836
0.45859137177467346
0.3458949625492096
0.47208350896835327
0.47325965762138367
0.47512203454971313
0.4691900908946991
0.44710928201675415
0.38217946887016296
0.2655802071094513
0.4158567190170288
0.3442869782447815
0.3862369656562805
0.41479921340942383
0.3214990198612213
0.4071827232837677
0.40118780732154846
0.45866915583610535
0.49119478464126587
0.4645240604877472
0.39243388175964355
0.46214279532432556
0.4062357246875763
0.41451314091682434
0.4731883704662323
0.3720603287220001
0.4229881465435028
0.4981413781642914
0.4780547320842743
0.38341793417930603
0.385759174823761
0.4325575530529022
0.4542084336280823
0.45506584644317627
0.45109546184539795
0.4118715524673462
0.37476614117622375
0.4066534638404846
0.4917216897010803
0.48791930079460144
0.40094494819641113
0.2519994378089905
0.44232866168022156
0.27762371301651
0.48509272933006287
0.4881798326969147
0.4306897222995758
0.389718621969223
0.4981437027454376
0.41207972168922424
0.39585167169570923
0.4247872233390808
0.3206300735473633
0.36915311217308044
0.35603195428848267
0.47087642550468445
0.4667133092880249
0.29691067337989807
0.3237617015838623
0.46163731813430786
0.37812501192092896
0.36094239354133606
0.4500757157802582
0.41976198554039
0.47487276792526245
0.4458868205547333
0.4942641854286194
0.4622683525085449
0.3699187934398651
0.4833950400352478
0.4979713559150696
0.4153625965118408
0.30964523553848267
0.4651530683040619
0.3607966899871826
0.4175353944301605
0.31011074781417847
0.4094143509864807
0.40727943181991577
0.46333613991737366
0.43576204776763916
0.3087223172187805
0.4974827468395233
0.470493346452713
0.31776365637779236
0.4704629182815552
0.31588566303253174
0.4371485710144043
0.4550565779209137
0.376903772354126
0.4910147786140442
0.39079397916793823
0.4021475315093994
0.3551556468009949
0.2939906716346741
0.346384197473526
0.4571324288845062
0.38266879320144653
0.4213424026966095
0.45589014887809753
0.32412198185920715
0.43146777153015137
0.32235801219940186
0.4979020357131958
0.3396473824977875
0.44655123353004456
0.423795223236084
0.40804100036621094
0.40005990862846375
0.46760815382003784
0.49255815148353577
0.3917900025844574
0.4364031255245209
0.4714585244655609
0.39920973777770996
0.36137285828590393
0.3293149769306183
0.401751846075058
0.49214377999305725
0.34649279713630676
0.4161916673183441
0.45387452840805054
0.4902084469795227
0.48863768577575684
0.393473744392395
0.3057710528373718
0.4175962507724762
0.4256414771080017
0.47674456238746643
0.4658043384552002
0.49330422282218933
0.4408729672431946
0.3195092976093292
0.4619655907154083
0.3960234522819519
0.2943604588508606
0.3082137405872345
0.4700391888618469
0.45839837193489075
0.46078139543533325
0.3618314862251282
0.46867358684539795
0.3539431095123291
0.48751288652420044
0.40312275290489197
0.40810704231262207
0.407088965177536
0.48545020818710327
0.35812485218048096
0.39869165420532227
0.34952813386917114
0.4605090022087097
0.4790789783000946
0.46217411756515503
0.3882613182067871
0.32850319147109985
0.40922319889068604
0.3747524619102478
0.35097846388816833
0.4866292178630829
0.3688894212245941
0.4042142331600189
0.40409746766090393
0.4936801493167877
0.3389122784137726
0.37337416410446167
0.3328738212585449
0.43369489908218384
0.38174986839294434
0.37727805972099304
0.48961398005485535
0.2973163425922394
0.4937451481819153
0.3087805211544037
0.46904417872428894
0.2673233449459076
0.43581053614616394
0.3616384267807007
0.4606613218784332
0.39336109161376953
0.3669187128543854
0.4871264100074768
0.4591427445411682
0.3704677224159241
0.2776333689689636
0.39323732256889343
0.2876948416233063
0.34494999051094055
0.4855750799179077
0.4344114065170288
0.2987743616104126
0.38748079538345337
0.3592287003993988
0.3413483202457428
0.44701290130615234
0.4211699366569519
0.4426670968532562
0.40644198656082153
0.49475622177124023
0.3232611417770386
0.49295657873153687
0.4537484347820282
0.35102909803390503
0.47005319595336914
0.49806538224220276
0.4304053485393524
0.49754318594932556
0.44380611181259155
0.32639870047569275
0.43917524814605713
0.3601657450199127
0.4599435329437256
0.41569432616233826
0.30518463253974915
0.4034821689128876
0.4812474250793457
0.4190118610858917
0.3941860496997833
0.3660903573036194
0.40744760632514954
0.49053332209587097
0.41357421875
0.32832783460617065
0.39160701632499695
0.46632909774780273
0.42092931270599365
0.4335624873638153
0.46961063146591187
0.4348984658718109
0.3130919635295868
0.37215036153793335
0.4653526246547699
0.4884447753429413
0.46520039439201355
0.4454715847969055
0.4299434721469879
0.4263131618499756
0.4931841194629669
0.4427345097064972
0.45350632071495056
0.441368043422699
0.4829208254814148
0.4841313660144806
0.43179723620414734
0.430439829826355
0.357522577047348
0.3095993399620056
0.3661382496356964
0.4447994530200958
0.36993899941444397
0.48892733454704285
0.44683733582496643
0.30885353684425354
0.3957095742225647
0.28464752435684204
0.3815878927707672
0.2538016140460968
0.4859420955181122
0.48418059945106506
0.36988669633865356
0.37322163581848145
0.46558111906051636
0.4130450487136841
0.4613107740879059
0.3465529680252075
0.41614967584609985
0.449160099029541
0.456985205411911
0.4025214910507202
0.4535147547721863
0.4869841933250427
0.3571886122226715
0.48109281063079834
0.3884943127632141
0.40044495463371277
0.3047393560409546
0.48346784710884094
0.4691073000431061
0.42538323998451233
0.42989382147789
0.443378210067749
0.30371877551078796
0.4141766428947449
0.4830581843852997
0.3748539388179779
0.4366798996925354
0.46490389108657837
0.4604930579662323
0.4567851424217224
0.37957340478897095
0.4176497459411621
0.41280069947242737
0.2569064497947693
0.49761107563972473
0.22057485580444336
0.49849995970726013
0.463976114988327
0.4711724817752838
0.36449751257896423
0.4146384298801422
0.47958654165267944
0.45695850253105164
0.4850143492221832
0.4232829809188843
0.4014626145362854
0.29300162196159363
0.4554568827152252
0.44129449129104614
0.2950053811073303
0.3520972430706024
0.4711695611476898
0.25127801299095154
0.4516657888889313
0.41996583342552185
0.42561426758766174
0.33997389674186707
0.4356271028518677
0.4182681143283844
0.498805433511734
0.49673590064048767
0.44877108931541443
0.3989972472190857
0.4590153396129608
0.44704097509384155
0.4562382996082306
0.29014045000076294
0.37853512167930603
0.39801251888275146
0.48897606134414673
0.49224618077278137
0.38235965371131897
0.4747278392314911
0.4075251519680023
0.45454296469688416
0.34607285261154175
0.3104809820652008
0.4374435842037201
0.48179125785827637
0.42563116550445557
0.3662507236003876
0.41805344820022583
0.4068750739097595
0.40837031602859497
0.43975526094436646
0.3805730938911438
0.449353963136673
0.4537259340286255
0.48638400435447693
0.26570749282836914
0.43480315804481506
0.4910109341144562
0.47644105553627014
0.4151346683502197
0.39905306696891785
0.4819123446941376
0.4179126024246216
0.284306138753891
0.37588199973106384
0.23639677464962006
0.45647579431533813
0.41028517484664917
0.45221084356307983
0.3630587160587311
0.4082295894622803
0.4324105978012085
0.4188467264175415
0.33028241991996765
0.43698275089263916
0.48237669467926025
0.49019482731819153
0.4552851915359497
0.49177345633506775
0.4831755757331848
0.40460193157196045
0.40730422735214233
0.39398080110549927
0.37567776441574097
0.4641660749912262
0.45906123518943787
0.41264617443084717
0.44207942485809326
0.42129409313201904
0.48779919743537903
0.4359751343727112
0.4191758334636688
0.480195552110672
0.42959773540496826
0.4955737292766571
0.48487740755081177
0.38563039898872375
0.48875892162323
0.42226484417915344
0.398885041475296
0.34434571862220764
0.40583428740501404
0.32176417112350464
0.49782049655914307
0.4128912687301636
0.4535951316356659
0.44976702332496643
0.4319835305213928
0.3484872579574585
0.3222726583480835
0.3647989332675934
0.4921897053718567
0.34292230010032654
0.3802507519721985
0.34929800033569336
0.3998217284679413
0.4339829087257385
0.293867290019989
0.4585110545158386
0.48344117403030396
0.25992584228515625
0.43140897154808044
0.4241841435432434
0.42382535338401794
0.42252910137176514
0.4605569839477539
0.4110906422138214
0.37965327501296997
0.48109927773475647
0.4242631196975708
0.42537200450897217
0.35456740856170654
0.4096096158027649
0.4256502389907837
0.35494381189346313
0.4621139168739319
0.4075893759727478
0.40291908383369446
0.40472015738487244
0.3634240925312042
0.4709332287311554
0.4555940330028534
0.49631139636039734
0.4389597177505493
0.3698507249355316
0.4441920816898346
0.4413985311985016
0.45172053575515747
0.4337295889854431
0.3511884808540344
0.4201747179031372
0.3322133719921112
0.4049500823020935
0.3061966896057129
0.25238236784935
0.4010402262210846
0.4371020197868347
0.3466375172138214
0.3665039837360382
0.265174925327301
0.3838748633861542
0.4600900709629059
0.4887528121471405
0.44757696986198425
0.4756763279438019
0.43487802147865295
0.45613893866539
0.3409297466278076
0.45384180545806885
0.4611802399158478
0.37624964118003845
0.42934471368789673
0.40222540497779846
0.39007923007011414
0.312411904335022
0.4692974090576172
0.3895205855369568
0.2789745032787323
0.38863250613212585
0.42042917013168335
0.4138539731502533
0.47788509726524353
0.3405288755893707
0.47442883253097534
0.24754586815834045
0.4444916248321533
0.2236945480108261
0.41128620505332947
0.3703628480434418
0.4313604235649109
0.4603915214538574
0.43031954765319824
0.4931272268295288
0.41967275738716125
0.4761299788951874
0.2800571322441101
0.40064355731010437
0.3380792737007141
0.45720013976097107
0.2454136162996292
0.4607487618923187
0.34222349524497986
0.38822534680366516
0.384615033864975
0.49920985102653503
0.34060153365135193
0.33133962750434875
0.40632131695747375
0.41591596603393555
0.4726784825325012
0.4617854356765747
0.44894546270370483
0.4855881631374359
0.45552435517311096
0.44958505034446716
0.42920175194740295
0.4120453894138336
0.4919632077217102
0.41431358456611633
0.40520960092544556
0.4321241080760956
0.47416743636131287
0.4384267330169678
0.38589975237846375
0.4121066927909851
0.40403738617897034
0.37542951107025146
0.39619725942611694
0.4023893475532532
0.40550434589385986
0.2957932651042938
0.41058269143104553
0.2664073705673218
0.2896561026573181
0.4002145826816559
0.43060800433158875
0.4241127371788025
0.4259421229362488
0.3425365090370178
0.4281950891017914
0.48450133204460144
0.3422355651855469
0.2446710467338562
0.3485507667064667
0.476327121257782
0.4946054518222809
0.48277711868286133
0.4357738792896271
0.34085190296173096
0.38565632700920105
0.4116373658180237
0.4418267607688904
0.4295961856842041
0.31126952171325684
0.49178260564804077
0.48906415700912476
0.3829704821109772
0.35553720593452454
0.46195873618125916
0.31900253891944885
0.37751802802085876
0.393979012966156
0.43286973237991333
0.4214276075363159
0.48619544506073
0.2444857954978943
0.43502476811408997
0.2885113060474396
0.45724791288375854
0.48494675755500793
0.42557254433631897
0.47091200947761536
0.4209093451499939
0.34156617522239685
0.47058263421058655
0.47869759798049927
0.4666129946708679
0.38052597641944885
0.4932776093482971
0.4762907326221466
0.4909583330154419
0.4027405083179474
0.3924805521965027
0.4852488934993744
0.40149033069610596
0.2963203191757202
0.3995193839073181
0.35003212094306946
0.4182140827178955
0.4120934307575226
0.4105408191680908
0.3619467318058014
0.484385222196579
0.37781789898872375
0.37984076142311096
0.44832843542099
0.44671791791915894
0.43508148193359375
0.37161722779273987
0.4157693684101105
0.47511741518974304
0.41988715529441833
0.47629407048225403
0.4587612450122833
0.4985482692718506
0.4317001402378082
0.4229291081428528
0.4399428963661194
0.37302297353744507
0.4580095112323761
0.37273791432380676
0.4135257601737976
0.362619549036026
0.4285702407360077
0.2537620961666107
0.48356783390045166
0.4987141191959381
0.47209274768829346
0.40829920768737793
0.4903527498245239
0.47658276557922363
0.35186246037483215
0.42166927456855774
0.4539353847503662
0.4378022253513336
0.41567128896713257
0.47445252537727356
0.3831353187561035
0.29338154196739197
0.47313717007637024
0.36438989639282227
0.49072813987731934
0.4345596134662628
0.39982202649116516
0.39840877056121826
0.46186211705207825
0.4873743951320648
0.4513269364833832
0.48739591240882874
0.43678703904151917
0.43254733085632324
0.4573553800582886
0.46237093210220337
0.3777019679546356
0.40738505125045776
0.44435521960258484
0.4809955656528473
0.44956639409065247
0.3991832733154297
0.4486190974712372
0.47615817189216614
0.49899807572364807
0.34793218970298767
0.3953403830528259
0.359077125787735
0.4922569692134857
0.4467475116252899
0.3916482925415039
0.41874581575393677
0.31380584836006165
0.379606693983078
0.4729727804660797
0.36487939953804016
0.42011383175849915
0.3590340316295624
0.4581747353076935
0.49255290627479553
0.3115203082561493
0.355406254529953
0.4044760763645172
0.4313865602016449
0.4983994960784912
0.43830016255378723
0.3153158128261566
0.44797664880752563
0.4931912124156952
0.44071146845817566
0.43959012627601624
0.3787858188152313
0.32669225335121155
0.48980334401130676
0.46587249636650085
0.4980233311653137
0.44516217708587646
0.42417383193969727
0.42808783054351807
0.41017553210258484
0.4495834708213806
0.3612395226955414
0.46684014797210693
0.449738085269928
0.24009259045124054
0.42017653584480286
0.48452243208885193
0.3185906410217285
0.3861547112464905
0.4444238543510437
0.414749413728714
0.4558272063732147
0.3899841606616974
0.41686365008354187
0.4527592658996582
0.25474441051483154
0.40227213501930237
0.4927160143852234
0.24967491626739502
0.4684784412384033
0.49937090277671814
0.4758074879646301
0.44056519865989685
0.4646047055721283
0.4089270830154419
0.4677514433860779
0.3498010039329529
0.4244177043437958
0.25522053241729736
0.3356984555721283
0.42028456926345825
0.33342787623405457
0.4450555145740509
0.4176693260669708
0.29600608348846436
0.43472030758857727
0.39158937335014343
0.499838262796402
0.18621142208576202
0.476604163646698
0.3511073887348175
0.4937506914138794
0.48879536986351013
0.44124874472618103
0.36817219853401184
0.4362472891807556
0.39000457525253296
0.4318128526210785
0.45254838466644287
0.37927719950675964
0.4445963501930237
0.4056861996650696
0.48567959666252136
0.4552239775657654
0.452982634305954
0.3537353575229645
0.46056073904037476
0.42072707414627075
0.3293536901473999
0.441176176071167
0.49728676676750183
0.4349237084388733
0.4539390206336975
0.4978657066822052
0.47521302103996277
0.3298894166946411
0.4387471675872803
0.35422760248184204
0.47436952590942383
0.4090273380279541
0.37739992141723633
0.4787678122520447
0.47774627804756165
0.3401166498661041
0.2830049991607666
0.43113020062446594
0.3448612689971924
0.421222060918808
0.4970308542251587
0.4680115878582001
0.48620423674583435
0.28970450162887573
0.46882522106170654
0.3413723409175873
0.4149312973022461
0.41451504826545715
0.41904258728027344
0.33656322956085205
0.2696719765663147
0.34294554591178894
0.4602065682411194
0.42796966433525085
0.29192930459976196
0.45757171511650085
0.471019446849823
0.3182393014431
0.49935248494148254
0.40760815143585205
0.43350887298583984
0.40095803141593933
0.4008786678314209
0.40270259976387024
0.41390857100486755
0.314370721578598
0.44052913784980774
0.40417060256004333
0.4906863272190094
0.36419811844825745
0.4643804132938385
0.36149507761001587
0.40833142399787903
0.26843181252479553
0.44045236706733704
0.38534414768218994
0.4783366322517395
0.36281508207321167
0.4976001977920532
0.404964804649353
0.3969695568084717
0.3162079453468323
0.4635506570339203
0.3916245102882385
0.23257675766944885
0.4015806019306183
0.4256640374660492
0.4874483644962311
0.3108447790145874
0.3668964207172394
0.4604911804199219
0.359982967376709
0.35278040170669556
0.31733235716819763
0.42788591980934143
0.24145245552062988
0.39731720089912415
0.2761562764644623
0.3956422507762909
0.43113312125205994
0.48980769515037537
0.46834149956703186
0.4053393304347992
0.4239496886730194
0.34893998503685
0.34532496333122253
0.38779574632644653
0.41757071018218994
0.491588830947876
0.4778359830379486
0.4899362325668335
0.42739519476890564
0.4631592035293579
0.45135805010795593
0.4871717393398285
0.48904305696487427
0.4914334714412689
0.43652254343032837
0.4730193018913269
0.49045610427856445
0.31071504950523376
0.43236109614372253
0.4218043386936188
0.4379543960094452
0.4292418956756592
0.3836890161037445
0.3252345323562622
0.3334050178527832
0.3385944962501526
0.3961251676082611
0.44521039724349976
0.4705659747123718
0.33848005533218384
0.33720070123672485
0.45168784260749817
0.4368734359741211
0.33432063460350037
0.48719316720962524
0.41331639885902405
0.42249342799186707
0.42646273970603943
0.27980849146842957
0.4186820685863495
0.4276048243045807
0.46178922057151794
0.40760287642478943
0.32448098063468933
0.4347163438796997
0.44575995206832886
0.41864511370658875
0.4975222945213318
0.45057323575019836
0.4652022421360016
0.49290770292282104
0.4773278534412384
0.3865809440612793
0.3558685779571533
0.47394928336143494
0.4166710674762726
0.3531803786754608
0.4452090561389923
0.3740706741809845
0.44118785858154297
0.43073275685310364
0.4137931168079376
0.42075294256210327
0.3167361319065094
0.40524494647979736
0.45401430130004883
0.309948593378067
0.4330652952194214
0.44299766421318054
0.39569956064224243
0.3610532581806183
0.39087679982185364
0.4684506058692932
0.30073073506355286
0.495796799659729
0.4865543246269226
0.4095107316970825
0.40175214409828186
0.31202635169029236
0.42566075921058655
0.43030956387519836
0.368665874004364
0.4092237949371338
0.41940993070602417
0.3917917013168335
0.4144289195537567
0.4625893533229828
0.379801869392395
0.46079501509666443
0.39733806252479553
0.4570547044277191
0.3845013678073883
0.476065993309021
0.3393484950065613
0.45036080479621887
0.46981537342071533
0.2854292690753937
0.3718668520450592
0.48548877239227295
0.3573506474494934
0.377241849899292
0.2919909358024597
0.38479116559028625
0.4898717403411865
0.31882187724113464
0.26487189531326294
0.36885613203048706
0.4643544554710388
0.4738605320453644
0.48300984501838684
0.3599751889705658
0.32400965690612793
0.4523713290691376
0.4256158173084259
0.415816992521286
0.3839958608150482
0.2616695761680603
0.3363867998123169
0.32536768913269043
0.3579918146133423
0.3501155972480774
0.3383977711200714
0.30407947301864624
0.47242945432662964
0.47644150257110596
0.2749486267566681
0.4942447245121002
0.4379703998565674
0.45433080196380615
0.47193223237991333
0.34245896339416504
0.3953055143356323
0.35228851437568665
0.4356582462787628
0.46692728996276855
0.29782047867774963
0.49868518114089966
0.4614619016647339
0.45146608352661133
0.4371739625930786
0.396960586309433
0.29249197244644165
0.40149810910224915
0.32353562116622925
0.38595786690711975
0.38572707772254944
0.20066401362419128
0.43006739020347595
0.32166773080825806
0.4064537286758423
0.46689170598983765
0.4720832109451294
0.48269468545913696
0.4869751036167145
0.306371808052063
0.4023418128490448
0.36422789096832275
0.39512312412261963
0.47854340076446533
0.46752309799194336
0.4765777885913849
0.3994601368904114
0.46425673365592957
0.29348909854888916
0.3804590106010437
0.2871953547000885
0.46638691425323486
0.47214844822883606
0.4025394320487976
0.3617914319038391
0.2802301049232483
0.31118205189704895
0.45070984959602356
0.3659462034702301
0.4563841223716736
0.351977676153183
0.33069586753845215
0.3740970194339752
0.2777024209499359
0.37031492590904236
0.4802832007408142
0.41176149249076843
0.44466572999954224
0.48737651109695435
0.4427615702152252
0.4251517057418823
0.48349905014038086
0.3420266807079315
0.47000953555107117
0.4509989619255066
0.46325817704200745
0.4945319890975952
0.32117241621017456
0.4549242854118347
0.3968830704689026
0.4288622736930847
0.44628769159317017
0.4655936360359192
0.39364010095596313
0.45644792914390564
0.46784722805023193
0.3789023160934448
0.46010008454322815
0.42904525995254517
0.44207361340522766
0.477162629365921
0.44879642128944397
0.38415905833244324
0.3880084156990051
0.35144612193107605
0.4228605628013611
0.4388120770454407
0.3218296468257904
0.48468101024627686
0.4049220085144043
0.4868348240852356
0.40328049659729004
0.4551566243171692
0.43082350492477417
0.37359336018562317
0.49523234367370605
0.38250917196273804
0.39033305644989014
0.3696228265762329
0.46622931957244873
0.3105018436908722
0.45906582474708557
0.49886950850486755
0.23836320638656616
0.4981786608695984
0.37362363934516907
0.2915272116661072
0.437076210975647
0.3483274579048157
0.4472600221633911
0.4987334907054901
0.4810082018375397
0.4988875985145569
0.39526838064193726
0.45817890763282776
0.404667466878891
0.3545270264148712
0.46344831585884094
0.4893640875816345
0.4583790600299835
0.31723397970199585
0.4904766082763672
0.33240821957588196
0.46941083669662476
0.22018864750862122
0.3205159604549408
0.40195614099502563
0.37603864073753357
0.4775597155094147
0.36000561714172363
0.43048539757728577
0.4185040295124054
0.4961440861225128
0.24819234013557434
0.40873703360557556
0.42673778533935547
0.4878199100494385
0.4379705786705017
0.4738207459449768
0.4092818796634674
0.31681251525878906
0.4562340974807739
0.3887767493724823
0.43949267268180847
0.36980223655700684
0.43572279810905457
0.378553181886673
0.3688638508319855
0.4654158055782318
0.4881440997123718
0.4876106083393097
0.4138626456260681
0.42412126064300537
0.44182470440864563
0.405463308095932
0.4709113538265228
0.48464182019233704
0.3045096695423126
0.24584251642227173
0.4286763668060303
0.2815040349960327
0.4097081124782562
0.46119073033332825
0.41983655095100403
0.38394027948379517
0.45151492953300476
0.35670188069343567
0.37077754735946655
0.47406283020973206
0.3744375705718994
0.3565704822540283
0.3582220673561096
0.4315711557865143
0.4897312521934509
0.43331998586654663
0.34791654348373413
0.47079959511756897
0.44444960355758667
0.48653849959373474
0.2930426299571991
0.4770852029323578
0.4350259602069855
0.2805565297603607
0.39064526557922363
0.33030351996421814
0.417093962430954
0.4610879719257355
0.4000115692615509
0.47360479831695557
0.37349972128868103
0.47009560465812683
0.2944994270801544
0.4124424159526825
0.4633243978023529
0.42373234033584595
0.3826676905155182
0.29628831148147583
0.47752663493156433
0.41754817962646484
0.4866308867931366
0.31042635440826416
0.41678935289382935
0.46256282925605774
0.31043025851249695
0.3158034384250641
0.49681106209754944
0.3800954520702362
0.461567759513855
0.4493853747844696
0.4292100667953491
0.47228702902793884
0.4548589289188385
0.4394204616546631
0.4718625247478485
0.400695264339447
0.3317258954048157
0.39789748191833496
0.41178494691848755
0.22167371213436127
0.4991644620895386
0.42415520548820496
0.47739309072494507
0.471410870552063
0.35284435749053955
0.46909913420677185
0.4185885488986969
0.27542605996131897
0.37257540225982666
0.35003960132598877
0.4202699363231659
0.26827186346054077
0.3558545410633087
0.42186522483825684
0.3799118101596832
0.33133411407470703
0.39485660195350647
0.470401793718338
0.33561766147613525
0.33251887559890747
0.4577445983886719
0.42615872621536255
0.4287678897380829
0.35128816962242126
0.4463074505329132
0.4091186821460724
0.4542023241519928
0.4931256175041199
0.3901146948337555
0.47703659534454346
0.2758242189884186
0.35176706314086914
0.35870638489723206
0.2498025745153427
0.44881123304367065
0.3844458758831024
0.44843900203704834
0.12589961290359497
0.45901671051979065
0.4678165912628174
0.47477099299430847
0.44907689094543457
0.4365547299385071
0.49569156765937805
0.42473074793815613
0.24952276051044464
0.48933443427085876
0.369628369808197
0.3655298054218292
0.44227519631385803
0.4530813694000244
0.47585800290107727
0.44998010993003845
0.49815571308135986
0.46863308548927307
0.48179471492767334
0.3848245143890381
0.3878580629825592
0.4996764361858368
0.4958661198616028
0.43981313705444336
0.32138046622276306
0.46157750487327576
0.45457255840301514
0.47867098450660706
0.4905073046684265
0.4091733396053314
0.4886634945869446
0.32707250118255615
0.466042160987854
0.41512009501457214
0.42658281326293945
0.4444071054458618
0.3981952369213104
0.2850845158100128
0.36124274134635925
0.30663397908210754
0.31754401326179504
0.48679131269454956
0.27772584557533264
0.4448925256729126
0.4479401111602783
0.4967089295387268
0.43297016620635986
0.3446856141090393
0.31692376732826233
0.41197270154953003
0.4763433337211609
0.4546549916267395
0.4178461730480194
0.4958670139312744
0.31969478726387024
0.21160076558589935
0.3063986301422119
0.38953545689582825
0.3137838840484619
0.479195237159729
0.4076492190361023
0.348310261964798
0.4602362811565399
0.41975605487823486
0.3669719994068146
0.48018625378608704
0.4636644124984741
0.4198797345161438
0.48607707023620605
0.4512959122657776
0.4659568667411804
0.3966568410396576
0.4484076201915741
0.45292598009109497
0.3439823389053345
0.3604452311992645
0.40725815296173096
0.4426470696926117
0.42762160301208496
0.4300479590892792
0.45653292536735535
0.3393195569515228
0.32187730073928833
0.43240058422088623
0.21437577903270721
0.45933645963668823
0.43071919679641724
0.42319217324256897
0.4590715765953064
0.37774965167045593
0.4041558802127838
0.4805682897567749
0.4694215655326843
0.4809919595718384
0.3949805498123169
0.3958826959133148
0.3394463360309601
0.30078253149986267
0.3347737193107605
0.48659276962280273
0.2418510913848877
0.38219308853149414
0.4116562306880951
0.4993204176425934
0.36001119017601013
0.4958876371383667
0.3537275195121765
0.37434476613998413
0.49552619457244873
0.3599594235420227
0.4686759114265442
0.49095219373703003
0.4560050368309021
0.4916476607322693
0.3857187330722809
0.39468520879745483
0.4733399748802185
0.2847326099872589
0.28926530480384827
0.32672449946403503
0.41254886984825134
0.32316914200782776
0.44139325618743896
0.45284029841423035
0.3210407495498657
0.3804720342159271
0.40137091279029846
0.47140204906463623
0.4346482455730438
0.44927242398262024
0.32856425642967224
0.4771727919578552
0.42956602573394775
0.4694206416606903
0.30777546763420105
0.38506364822387695
0.40888282656669617
0.3391883075237274
0.44648513197898865
0.43456289172172546
0.3704119324684143
0.423333078622818
0.4746914803981781
0.46006712317466736
0.35157766938209534
0.453884094953537
0.2926178574562073
0.3381575345993042
0.4093390107154846
0.488607794046402
0.44738486409187317
0.46759897470474243
0.48605769872665405
0.354753315448761
0.2680594027042389
0.3291018307209015
0.4262535870075226
0.30197590589523315
0.4540318250656128
0.28207850456237793
0.43156686425209045
0.40948766469955444
0.42607152462005615
0.42295876145362854
0.4818238914012909
0.4824962317943573
0.35549196600914
0.250982403755188
0.3698466718196869
0.4491664469242096
0.4965861141681671
0.45593443512916565
0.4863988161087036
0.4013223946094513
0.320404589176178
0.3149770498275757
0.4151933789253235
0.21862544119358063
0.39551278948783875
0.4319237172603607
0.30416759848594666
0.3399883210659027
0.3182629346847534
0.4346596896648407
0.40913107991218567
0.3893493115901947
0.46781760454177856
0.4676758944988251
0.3265121281147003
0.46761012077331543
0.4980466365814209
0.47736161947250366
0.4804735481739044
0.40693196654319763
0.4279206395149231
0.38294893503189087
0.4710124731063843
0.44664597511291504
0.42769888043403625
0.4684564769268036
0.49911847710609436
0.45062652230262756
0.45210352540016174
0.4884592890739441
0.34491151571273804
0.44388628005981445
0.3790489733219147
0.3817411959171295
0.3949238359928131
0.27115294337272644
0.4890843629837036
0.48598214983940125
0.3985489010810852
0.48292917013168335
0.4188854694366455
0.2716066539287567
0.38180023431777954
0.3230494558811188
0.34232640266418457
0.4769045412540436
0.4554554522037506
0.3303453326225281
0.4839340150356293
0.48018768429756165
0.36618873476982117
0.3793119192123413
0.44224661588668823
0.4127862751483917
0.4085022211074829
0.3514782786369324
0.4545624852180481
0.32540276646614075
0.48881518840789795
0.4436623156070709
0.38927242159843445
0.2566394805908203
0.3773535192012787
0.453951895236969
0.4662933051586151
0.46327489614486694
0.4441012442111969
0.369519978761673
0.3882419466972351
0.4457506835460663
0.4794931411743164
0.3102318346500397
0.32564234733581543
0.43824291229248047
0.322441428899765
0.4423159658908844
0.48795193433761597
0.4673897922039032
0.28980714082717896
0.42706742882728577
0.48633554577827454
0.484893798828125
0.456025093793869
0.32710039615631104
0.4216945469379425
0.41058093309402466
0.36879396438598633
0.37979939579963684
0.39526644349098206
0.44902119040489197
0.23004107177257538
0.40351590514183044
0.3827541172504425
0.43518930673599243
0.4073466658592224
0.28644582629203796
0.4955922067165375
0.4879477918148041
0.4722999930381775
0.32141414284706116
0.4068711996078491
0.4668460488319397
0.4448910355567932
0.452959269285202
0.37254002690315247
0.4495016038417816
0.37787237763404846
0.44204914569854736
0.3435747027397156
0.36608007550239563
0.4709774851799011
0.453652560710907
0.47894206643104553
0.40865448117256165
0.44983094930648804
0.4870854616165161
0.4777068495750427
0.4208923876285553
0.3444506525993347
0.4850907623767853
0.3936181664466858
0.43695175647735596
0.49358120560646057
0.27589306235313416
0.32579347491264343
0.32956522703170776
0.4486736059188843
0.46970635652542114
0.4099731743335724
0.4819399118423462
0.3935255706310272
0.43665552139282227
0.3705383539199829
0.36754003167152405
0.2962229549884796
0.3095950782299042
0.327593594789505
0.4565373659133911
0.4634036421775818
0.4434828460216522
0.36532434821128845
0.42163947224617004
0.2988441288471222
0.46283814311027527
0.41231197118759155
0.4930102825164795
0.4842866063117981
0.3001898229122162
0.33473825454711914
0.37761178612709045
0.4243863523006439
0.4577104449272156
0.439155250787735
0.49439048767089844
0.49371233582496643
0.430342435836792
0.4832204580307007
0.49261534214019775
0.4804702401161194
0.4602476954460144
0.4735766649246216
0.2994263768196106
0.4760016202926636
0.4640255272388458
0.3753844201564789
0.3310166597366333
0.4808627665042877
0.30829107761383057
0.3974153697490692
0.35434046387672424
0.39380642771720886
0.4435226321220398
0.4342024624347687
0.35499006509780884
0.4760063588619232
0.41597503423690796
0.47124841809272766
0.4805190861225128
0.3964028060436249
0.2697787880897522
0.42743992805480957
0.47487711906433105
0.30795949697494507
0.46757182478904724
0.3972301483154297
0.3640824854373932
0.4375194013118744
0.4494008421897888
0.43858593702316284
0.3411789834499359
0.44558975100517273
0.4238644540309906
0.43929994106292725
0.32380443811416626
0.49511557817459106
0.45205825567245483
0.4279364347457886
0.49404042959213257
0.43446844816207886
0.4549519717693329
0.3670855760574341
0.4119192659854889
0.4290079176425934
0.474502831697464
0.46301427483558655
0.3943921625614166
0.44914570450782776
0.40833425521850586
0.4286741614341736
0.4439638555049896
0.3843035399913788
0.4900866448879242
0.47842156887054443
0.4929242432117462
0.44733139872550964
0.37435951828956604
0.3663213849067688
0.40012624859809875
0.48153671622276306
0.4607709050178528
0.45913082361221313
0.4646023213863373
0.3940564692020416
0.41344109177589417
0.3519781231880188
0.4045264720916748
0.48851120471954346
0.4552290439605713
0.3215804994106293
0.3777884542942047
0.4228646159172058
0.49683231115341187
0.48226284980773926
0.47475364804267883
0.46963125467300415
0.4656497836112976
0.434270977973938
0.4266790449619293
0.4171921908855438
0.370201051235199
0.30239367485046387
0.4352801442146301
0.4274183213710785
0.45964136719703674
0.3166644871234894
0.36046236753463745
0.423855185508728
0.38682821393013
0.48904329538345337
0.444663405418396
0.3899424374103546
0.4627170264720917
0.4152856767177582
0.4404366612434387
0.4021059274673462
0.35603466629981995
0.3712683320045471
0.4799908697605133
0.4023630619049072
0.4076478183269501
0.373152494430542
0.4954814612865448
0.3501397967338562
0.4542114734649658
0.47718870639801025
0.46181121468544006
0.4818243086338043
0.4055018723011017
0.48029977083206177
0.36876970529556274
0.4942951500415802
0.3193005621433258
0.4894970953464508
0.43966031074523926
0.40950509905815125
0.2828421890735626
0.3286813199520111
0.48531413078308105
0.36983126401901245
0.48231956362724304
0.4481898844242096
0.33910831809043884
0.4942583739757538
0.38197922706604004
0.3677166998386383
0.42464593052864075
0.3564457595348358
0.455513060092926
0.467724084854126
0.32238107919692993
0.39870887994766235
0.4051941931247711
0.35191670060157776
0.4964103102684021
0.41484004259109497
0.39094099402427673
0.25318920612335205
0.4637351334095001
0.476881742477417
0.4023905098438263
0.4547511637210846
0.4622691571712494
0.45397141575813293
0.4753882884979248
0.48467737436294556
0.29955631494522095
0.4168679714202881
0.4448249340057373
0.39730584621429443
0.49521154165267944
0.49366509914398193
0.4292048513889313
0.34346917271614075
0.29913705587387085
0.4743688404560089
0.434714674949646
0.4310053288936615
0.39364683628082275
0.39141514897346497
0.26697608828544617
0.25545406341552734
0.3871234059333801
0.47668373584747314
0.4338056445121765
0.487772673368454
0.43299639225006104
0.3374575078487396
0.3960869312286377
0.2273704558610916
0.47370606660842896
0.2521224617958069
0.49638935923576355
0.23647351562976837
0.3894960582256317
0.4610821604728699
0.39034613966941833
0.4729662835597992
0.44998958706855774
0.37773483991622925
0.49370649456977844
0.44853487610816956
0.4600900113582611
0.4897238612174988
0.43952706456184387
0.4019644856452942
0.40129607915878296
0.3753604292869568
0.42782288789749146
0.3781854808330536
0.4352686405181885
0.4360973536968231
0.3506651222705841
0.3975621461868286
0.45344603061676025
0.46302932500839233
0.322963148355484
0.4795052111148834
0.4770810008049011
0.2827487885951996
0.46656233072280884
0.2657290995121002
0.38794198632240295
0.3955155909061432
0.48874005675315857
0.44765621423721313
0.47326231002807617
0.37210556864738464
0.4360407590866089
0.4599761664867401
0.40954458713531494
0.3709503412246704
0.21575051546096802
0.497516006231308
0.4054704010486603
0.32101553678512573
0.4544701874256134
0.3519879877567291
0.4524092972278595
0.43724939227104187
0.4055050015449524
0.23478348553180695
0.33611318469047546
0.438848614692688
0.49272650480270386
0.4033356308937073
0.49210700392723083
0.41856083273887634
0.42327821254730225
0.40630000829696655
0.3927716612815857
0.48231041431427
0.37820687890052795
0.45514050126075745
0.4047389328479767
0.4530702829360962
0.39942094683647156
0.3126456141471863
0.45060083270072937
0.4662425220012665
0.2596628963947296
0.47939202189445496
0.3761594891548157
0.3239961266517639
0.4162658154964447
0.3203788697719574
0.27572187781333923
0.3363378942012787
0.43902677297592163
0.41433200240135193
0.3566334545612335
0.3522663116455078
0.4780121445655823
0.4762876033782959
0.49589669704437256
0.3577931523323059
0.3811841309070587
0.43552836775779724
0.32796937227249146
0.4894580543041229
0.43068575859069824
0.43627074360847473
0.4623214304447174
0.4137328267097473
0.44813570380210876
0.3423352539539337
0.3741249442100525
0.4140341281890869
0.4843987822532654
0.34623849391937256
0.4655899703502655
0.3013112545013428
0.4954816401004791
0.4848437011241913
0.41343358159065247
0.4637903869152069
0.3534183204174042
0.4649313688278198
0.1967034935951233
0.3306466042995453
0.47605207562446594
0.48366090655326843
0.41806960105895996
0.2694127857685089
0.4735177755355835
0.4799763262271881
0.4572610855102539
0.4875396490097046
0.4398536682128906
0.41270479559898376
0.4207639694213867
0.4980776011943817
0.48764657974243164
0.41905856132507324
0.3722839653491974
0.38907545804977417
0.46874719858169556
0.4459333121776581
0.44398999214172363
0.4077034294605255
0.40420934557914734
0.49616602063179016
0.488747775554657
0.39851945638656616
0.31748077273368835
0.4947625398635864
0.3379248082637787
0.47956615686416626
0.4079866409301758
0.4316706955432892
0.4809477627277374
0.4282230734825134
0.45134028792381287
0.4931391179561615
0.33234792947769165
0.40493035316467285
0.43508073687553406
0.3527795076370239
0.42142587900161743
0.4249661862850189
0.496466726064682
0.38272592425346375
0.40735921263694763
0.4109424650669098
0.39703911542892456
0.3473300635814667
0.44645243883132935
0.48548343777656555
0.42719727754592896
0.4569988548755646
0.3213934302330017
0.49029919505119324
0.42602288722991943
0.3400709629058838
0.3746093511581421
0.2717934250831604
0.44967955350875854
0.4995354115962982
0.2918846607208252
0.4518246650695801
0.3474086821079254
0.47431445121765137
0.41284385323524475
0.23136411607265472
0.3098996877670288
0.4943791329860687
0.3469133675098419
0.4458785355091095
0.49625372886657715
0.46841001510620117
0.4345935583114624
0.38858339190483093
0.4956531524658203
0.2868131697177887
0.31053999066352844
0.45508092641830444
0.47878775000572205
0.4716701805591583
0.4634132981300354
0.38982483744621277
0.3014513850212097
0.47450172901153564
0.30949866771698
0.42400267720222473
0.4196793735027313
0.47986510396003723
0.3342091739177704
0.4717579185962677
0.3521689474582672
0.37067514657974243
0.47310853004455566
0.3866306245326996
0.46590375900268555
0.37529703974723816
0.4964492917060852
0.3638063371181488
0.37039914727211
0.42428484559059143
0.48922887444496155
0.4720369577407837
0.32498812675476074
0.3542774021625519
0.36426424980163574
0.3884683847427368
0.36646783351898193
0.4427502155303955
0.4405536353588104
0.45532068610191345
0.285451203584671
0.28149160742759705
0.31218722462654114
0.444103479385376
0.3344348967075348
0.4501734673976898
0.4596915543079376
0.3858005702495575
0.3347667455673218
0.4323207437992096
0.44907307624816895
0.3652918040752411
0.3896958529949188
0.3640386760234833
0.3960687518119812
0.39645904302597046
0.22330553829669952
0.31477090716362
0.4680030047893524
0.3978399336338043
0.4698241353034973
0.4167056381702423
0.39647382497787476
0.4438989758491516
0.4515365958213806
0.4747041165828705
0.4008776545524597
0.39884671568870544
0.3691270053386688
0.46226441860198975
0.4635034203529358
0.4458034932613373
0.47973936796188354
0.4714142680168152
0.4905230402946472
0.4996950030326843
0.30498701333999634
0.3996010422706604
0.4770145118236542
0.46771153807640076
0.4577859044075012
0.4330899715423584
0.41577669978141785
0.35033369064331055
0.4949439465999603
0.3864307105541229
0.41615772247314453
0.4552370011806488
0.4336344003677368
0.45894911885261536
0.4702602028846741
0.3956593871116638
0.4813007116317749
0.4116172194480896
0.4822249114513397
0.21444329619407654
0.37725669145584106
0.4039097726345062
0.41987618803977966
0.4399718940258026
0.4050910770893097
0.4783954322338104
0.452787846326828
0.2937382459640503
0.46376684308052063
0.41328102350234985
0.4558638334274292
0.49627992510795593
0.49238353967666626
0.34363654255867004
0.40137338638305664
0.40241557359695435
0.4533608853816986
0.43416687846183777
0.42679688334465027
0.48871752619743347
0.47874924540519714
0.4944188594818115
0.47649112343788147
0.49389153718948364
0.42577701807022095
0.44350358843803406
0.31729215383529663
0.3665170967578888
0.36178305745124817
0.4646606147289276
0.4162961542606354
0.4411499500274658
0.3905682861804962
0.4020535349845886
0.3786400556564331
0.33397820591926575
0.42434000968933105
0.3265722095966339
0.4429788887500763
0.45752546191215515
0.44471168518066406
0.399158775806427
0.45728644728660583
0.3882640600204468
0.45080751180648804
0.4963364899158478
0.26813805103302
0.42444631457328796
0.45592308044433594
0.4705582559108734
0.44315633177757263
0.42416977882385254
0.4002307951450348
0.4813489615917206
0.4949161410331726
0.4564584791660309
0.3160703480243683
0.3754168748855591
0.4858834743499756
0.29857003688812256
0.275934100151062
0.23048344254493713
0.4313771724700928
0.4932878315448761
0.47403159737586975
0.4612722396850586
0.47424814105033875
0.4036232531070709
0.3934604823589325
0.41597723960876465
0.4212875962257385
0.3777521848678589
0.4758644104003906
0.3533073961734772
0.34303873777389526
0.49098607897758484
0.3365134000778198
0.474970281124115
0.4884912371635437
0.37679892778396606
0.4265633821487427
0.40392670035362244
0.4850190579891205
0.37789830565452576
0.4671214520931244
0.4248490035533905
0.45959705114364624
0.3810262382030487
0.44609758257865906
0.36274486780166626
0.43664026260375977
0.32731518149375916
0.4102027714252472
0.4618366062641144
0.44340136647224426
0.41371816396713257
0.2594226896762848
0.49535244703292847
0.3947381377220154
0.4368104338645935
0.31149888038635254
0.37784919142723083
0.47616997361183167
0.484965443611145
0.49900001287460327
0.3974454700946808
0.3651813268661499
0.4465045630931854
0.45002496242523193
0.3350306749343872
0.48764705657958984
0.4603694677352905
0.3157850205898285
0.36905404925346375
0.4996975362300873
0.39214587211608887
0.46810439229011536
0.3486343324184418
0.4465373158454895
0.4392300248146057
0.3967479169368744
0.48844191431999207
0.4004945456981659
0.4254668354988098
0.4315261244773865
0.42867037653923035
0.47777071595191956
0.4799465835094452
0.49757158756256104
0.3456428349018097
0.36909276247024536
0.46909159421920776
0.3865218460559845
0.2937517762184143
0.22709029912948608
0.39929184317588806
0.3884327709674835
0.4780113399028778
0.34653034806251526
0.47068822383880615
0.43308812379837036
0.38936081528663635
0.4491457939147949
0.42274460196495056
0.42226657271385193
0.4754146933555603
0.4900307357311249
0.4839630424976349
0.4561951160430908
0.37319907546043396
0.31854361295700073
0.46430230140686035
0.4081951677799225
0.4688297212123871
0.31922340393066406
0.49630501866340637
0.35009294748306274
0.40955179929733276
0.4357159733772278
0.4977092444896698
0.34221529960632324
0.30652880668640137
0.38805562257766724
0.38048112392425537
0.33242496848106384
0.317340612411499
0.4179333448410034
0.43573734164237976
0.3979628384113312
0.3087864816188812
