0.5542933344841003
0.42723849415779114
0.3529210090637207
0.38704952597618103
0.4752211570739746
0.6098904609680176
0.34107401967048645
0.6201887726783752
0.7156049013137817
0.5703009366989136
0.6208409070968628
0.4184928834438324
0.5751664042472839
0.5959076285362244
0.6466273069381714
0.5600913763046265
0.42896339297294617
0.4114815890789032
0.36096441745758057
0.43648266792297363
0.5523050427436829
0.24172429740428925
0.5289813280105591
0.6201759576797485
0.4451170265674591
0.4454690217971802
0.4566144645214081
0.4041445553302765
0.4194059669971466
0.3200940787792206
0.5955905914306641
0.4478328227996826
0.6414596438407898
0.33757084608078003
0.701215386390686
0.5379889011383057
0.637869119644165
0.4487704932689667
0.450229674577713
0.30902013182640076
0.5728384852409363
0.3220594823360443
0.3686789870262146
0.6550148129463196
0.52711021900177
0.5575694441795349
0.5369040369987488
0.38297900557518005
0.4430435299873352
0.5103352665901184
0.6195998787879944
0.412819504737854
0.6109865307807922
0.6884670853614807
0.3837457299232483
0.6472905874252319
0.447940856218338
0.5425220131874084
0.4782417416572571
0.4511973261833191
0.38316813111305237
0.2902916967868805
0.5442241430282593
0.28716012835502625
0.4594789147377014
0.4094483256340027
0.48996293544769287
0.587225615978241
0.42051538825035095
0.5494784712791443
0.43299394845962524
0.47815829515457153
0.5041412711143494
0.49397867918014526
0.5504257082939148
0.37968695163726807
0.48116692900657654
0.27097389101982117
0.4333631992340088
0.5478240847587585
0.6852198839187622
0.5934601426124573
0.5393689870834351
0.5618364214897156
0.5546180009841919
0.41243085265159607
0.38866734504699707
0.5703044533729553
0.5146702527999878
0.603795051574707
0.3657550513744354
0.5194171071052551
0.4829391539096832
0.49772897362709045
0.5238798260688782
0.3192519247531891
0.5193994045257568
0.4637235701084137
0.7521108388900757
0.6070654392242432
0.6220988035202026
0.5224890112876892
0.4146595895290375
0.5086970925331116
0.5085816979408264
0.5847002863883972
0.358429878950119
0.4836256504058838
0.34496790170669556
0.451036661863327
0.37374886870384216
0.5335285067558289
0.5735254287719727
0.5381457209587097
0.4137122631072998
0.40716657042503357
0.46841561794281006
0.3580515682697296
0.4548456072807312
0.3903566598892212
0.48279786109924316
0.2802089750766754
0.4670979678630829
0.6075564026832581
0.6880437731742859
0.5093759894371033
0.4407930374145508
0.2591897249221802
0.36156514286994934
0.30404677987098694
0.5083981156349182
0.5132476091384888
0.5448368787765503
0.46098968386650085
0.41816505789756775
0.5910689830780029
0.49317675828933716
0.6448792219161987
0.3730219900608063
0.36462289094924927
0.5226913690567017
0.628933310508728
0.6636293530464172
0.5350130796432495
0.40845787525177
0.47271883487701416
0.4623890221118927
0.48415976762771606
0.48669806122779846
0.5440936088562012
0.5795078873634338
0.3712219297885895
0.40188494324684143
0.5461258888244629
0.43325644731521606
0.4393162727355957
0.39917564392089844
0.30081164836883545
0.4768744111061096
0.5115967392921448
0.5274167060852051
0.7128512263298035
0.5658277869224548
0.7080927491188049
0.2955111265182495
0.6632683873176575
0.5787050724029541
0.529710054397583
0.7485118508338928
0.5407666563987732
0.5452604293823242
0.5725619196891785
0.38972991704940796
0.5893774628639221
0.626903235912323
0.6160633563995361
0.5991203188896179
0.3829644024372101
0.6521839499473572
0.34738847613334656
0.41309434175491333
0.5527974963188171
0.4538962244987488
0.35059720277786255
0.36451295018196106
0.5164457559585571
0.5304093956947327
0.4978511929512024
0.5406774878501892
0.4512535631656647
0.45195630192756653
0.3624877631664276
0.7236464619636536
0.7382909059524536
0.5985699892044067
0.4080744683742523
0.47692573070526123
0.40234819054603577
0.46196097135543823
0.42254650592803955
0.7303555011749268
0.5442543625831604
0.6039963364601135
0.3424227833747864
0.5400317311286926
0.52165287733078
0.3994077742099762
0.4249786138534546
0.6471157670021057
0.5798524022102356
0.2931516170501709
0.4017384946346283
0.39252951741218567
0.6020932197570801
0.5105692744255066
0.5116468667984009
0.531663715839386
0.5741031169891357
0.44604766368865967
0.3358110785484314
0.5685074329376221
0.5748263597488403
0.40412554144859314
0.6999358534812927
0.5290266275405884
0.5115145444869995
0.5061982274055481
0.3459167182445526
0.5614626407623291
0.529626190662384
0.5365006327629089
0.3131001889705658
0.3199726641178131
0.5016075372695923
0.38839179277420044
0.5907032489776611
0.5190556049346924
0.4054853022098541
0.3914022147655487
0.4119555950164795
0.5827003121376038
0.6298483610153198
0.44394731521606445
0.5029671788215637
0.3296845853328705
0.6991302371025085
0.40352874994277954
0.4316504895687103
0.8114750385284424
0.6199509501457214
0.4586009681224823
0.44567298889160156
0.5464275479316711
0.6914578080177307
0.5102217197418213
0.4706142544746399
0.6727253794670105
0.638724148273468
0.2899467945098877
0.46959972381591797
0.4624030888080597
0.3599798381328583
0.6700519323348999
0.4560982882976532
0.6265063285827637
0.47922858595848083
0.3951946198940277
0.5541509985923767
0.480366975069046
0.464533269405365
0.24893228709697723
0.4849225580692291
0.45861005783081055
0.501753032207489
0.2743259072303772
0.4271993041038513
0.45888668298721313
0.4577539563179016
0.30183839797973633
0.5166616439819336
0.46177467703819275
0.5040107369422913
0.46411168575286865
0.5940738320350647
0.37718090415000916
0.5596010684967041
0.45706072449684143
0.43344345688819885
0.27359461784362793
0.33822330832481384
0.6305640339851379
0.4627547860145569
0.4982118308544159
0.5065330266952515
0.498212993144989
0.42847922444343567
0.6526626944541931
0.47275689244270325
0.4003867506980896
0.5233242511749268
0.5091518759727478
0.4094719886779785
0.548966646194458
0.4517412781715393
0.5643380880355835
0.48082825541496277
0.46591657400131226
0.34430205821990967
0.43493592739105225
0.44237270951271057
0.45607566833496094
0.5531012415885925
0.3892810344696045
0.5061761140823364
0.3389988839626312
0.6398529410362244
0.41606244444847107
0.47510382533073425
0.6600667238235474
0.4826667308807373
0.4272790849208832
0.6028814911842346
0.6607171893119812
0.4752136766910553
0.5440047979354858
0.4762016832828522
0.5398396253585815
0.5964670181274414
0.3763960897922516
0.4799329936504364
0.3984682261943817
0.5301228165626526
0.4617629945278168
0.7234280109405518
0.4968908727169037
0.5833089351654053
0.7543777227401733
0.6299551129341125
0.28779783844947815
0.45892977714538574
0.48286741971969604
0.5337545275688171
0.40959054231643677
0.4530264735221863
0.36914777755737305
0.40536847710609436
0.5066822171211243
0.5305402874946594
0.2671836018562317
0.4923563301563263
0.5499702095985413
0.3670046031475067
0.4744812250137329
0.5163100361824036
0.5753318071365356
0.4752778112888336
0.4299134612083435
0.34322550892829895
0.5220611691474915
0.5373445749282837
0.5252504348754883
0.4630909860134125
0.5842254161834717
0.412291556596756
0.7147416472434998
0.3887370526790619
0.4990881383419037
0.35943901538848877
0.543088972568512
0.5657988786697388
0.48027756810188293
0.41284191608428955
0.5495266914367676
0.5120714902877808
0.40880075097084045
0.5869532823562622
0.6017618179321289
0.6461801528930664
0.41142579913139343
0.4642311930656433
0.6123154163360596
0.5276886820793152
0.6596647500991821
0.5946119427680969
0.6227726936340332
0.6621920466423035
0.554818332195282
0.43772435188293457
0.6291606426239014
0.5673046708106995
0.7111649513244629
0.4307248592376709
0.503442645072937
0.5323188304901123
0.5142073631286621
0.4866231679916382
0.35819077491760254
0.45174989104270935
0.6594132781028748
0.4000680446624756
0.34303954243659973
0.5555319786071777
0.30678901076316833
0.5941174626350403
0.4124716818332672
0.4649125039577484
0.5533463954925537
0.3584457337856293
0.496329665184021
0.46724432706832886
0.5736343264579773
0.6161370873451233
0.6440739035606384
0.6491014361381531
0.6877508163452148
0.6863040328025818
0.45820796489715576
0.4934227168560028
0.6468761563301086
0.3349169194698334
0.5695831179618835
0.6861030459403992
0.41587960720062256
0.4007592797279358
0.4864143431186676
0.42447996139526367
0.4653944671154022
0.6059554815292358
0.38069793581962585
0.3075066804885864
0.5106915831565857
0.3779374361038208
0.3717176020145416
0.6362305879592896
0.29847487807273865
0.5419374704360962
0.4985378682613373
0.4670467674732208
0.3687947988510132
0.3631788194179535
0.49562492966651917
0.5084336996078491
0.3775196969509125
0.45693957805633545
0.6538744568824768
0.3466758728027344
0.5433167219161987
0.4727953374385834
0.6515807509422302
0.27830538153648376
0.5908965468406677
0.4868195950984955
0.5288017988204956
0.5502076745033264
0.5526455640792847
0.4965650737285614
0.61948561668396
0.4799376130104065
0.45581600069999695
0.5271594524383545
0.6191407442092896
0.3464744985103607
0.5013596415519714
0.40838974714279175
0.3487705886363983
0.6257821321487427
0.3326309621334076
0.6703461408615112
0.4626134932041168
0.6381353735923767
0.5918275117874146
0.49963024258613586
0.6501469612121582
0.4426494538784027
0.44753921031951904
0.560731053352356
0.42744624614715576
0.6548746228218079
0.6160497069358826
0.7195359468460083
0.4737105369567871
0.4520174562931061
0.5362361669540405
0.4384799301624298
0.5326638221740723
0.519351601600647
0.4007467031478882
0.6720538139343262
0.3709966838359833
0.4389892518520355
0.4655079245567322
0.780812680721283
0.6358268857002258
0.6663860082626343
0.545555055141449
0.5931799411773682
0.5015384554862976
0.37631961703300476
0.3372672498226166
0.3571086823940277
0.5738796591758728
0.5493683218955994
0.5393021106719971
0.5933954119682312
0.5349845290184021
0.6054325103759766
0.406980961561203
0.49542731046676636
0.5736821293830872
0.6308184862136841
0.6356045007705688
0.5223791599273682
0.6575644612312317
0.3235294222831726
0.2933090329170227
0.6406722664833069
0.5290753841400146
0.4254351854324341
0.5444517135620117
0.5306051969528198
0.6423537731170654
0.5845920443534851
0.3844304382801056
0.45683127641677856
0.45196640491485596
0.6824600696563721
0.45508792996406555
0.529876172542572
0.5195980668067932
0.3172870874404907
0.32718685269355774
0.5042242407798767
0.5940216779708862
0.487608939409256
0.6416981220245361
0.5369012355804443
0.42344388365745544
0.3443743884563446
0.5924469828605652
0.6123523116111755
0.6197145581245422
0.5557984113693237
0.5679784417152405
0.5257717370986938
0.49895358085632324
0.6219577789306641
0.556661069393158
0.4013872444629669
0.622361958026886
0.4609847664833069
0.3681963086128235
0.46831491589546204
0.6115932464599609
0.31967806816101074
0.3293915390968323
0.5409350991249084
0.6500089764595032
0.6442537903785706
0.588678777217865
0.40961402654647827
0.5857237577438354
0.6437779068946838
0.6146024465560913
0.43303513526916504
0.5612661838531494
0.6056390404701233
0.47818663716316223
0.544765830039978
0.3518867790699005
0.5324581265449524
0.35092097520828247
0.5297044515609741
0.6461893320083618
0.47894400358200073
0.4384124279022217
0.6177510023117065
0.6109892725944519
0.32253164052963257
0.4686487019062042
0.626500129699707
0.6182733774185181
0.38440820574760437
0.41800758242607117
0.4356731176376343
0.49192771315574646
0.6026762127876282
0.4386926293373108
0.3691219687461853
0.5424436330795288
0.46074190735816956
0.49173688888549805
0.557994544506073
0.40992626547813416
0.3530692756175995
0.46991166472435
0.2644686698913574
0.23439355194568634
0.6986971497535706
0.6592140197753906
0.38378527760505676
0.5428773164749146
0.3016335666179657
0.5540794134140015
0.6260934472084045
0.3889738917350769
0.7243235111236572
0.37430062890052795
0.43878498673439026
0.5240633487701416
0.40198013186454773
0.38189369440078735
0.5492593050003052
0.5670683979988098
0.5334200263023376
0.6552554368972778
0.5523087978363037
0.6175954937934875
0.48542383313179016
0.5182128548622131
0.39209726452827454
0.6342106461524963
0.5183852314949036
0.6431336402893066
0.3006163537502289
0.5788831114768982
0.4415416121482849
0.4844852089881897
0.5714228749275208
0.7339829802513123
0.4947744309902191
0.36335259675979614
0.43472176790237427
0.5376964211463928
0.48370105028152466
0.4100211560726166
0.31724172830581665
0.5508482456207275
0.6613738536834717
0.5526296496391296
0.4074797034263611
0.5240724086761475
0.5486001968383789
0.5891758799552917
0.5617153644561768
0.49608486890792847
0.6181944608688354
0.5678781270980835
0.4712713956832886
0.5841888785362244
0.6310246586799622
0.49755051732063293
0.5804619193077087
0.5485751628875732
0.5640169978141785
0.39024555683135986
0.3426540493965149
0.567192018032074
0.40397199988365173
0.5627611875534058
0.3615584671497345
0.32844865322113037
0.30517205595970154
0.5479092597961426
0.38103997707366943
0.45378822088241577
0.41866838932037354
0.7080907225608826
0.616017758846283
0.6292846202850342
0.40414348244667053
0.5367988348007202
0.6727439165115356
0.5261045098304749
0.5409460067749023
0.5653274655342102
0.5238080024719238
0.4944102168083191
0.5787670016288757
0.502859890460968
0.6737495064735413
0.5939476490020752
0.5973564386367798
0.5260947346687317
0.36727842688560486
0.5228750109672546
0.5796464681625366
0.4691319167613983
0.4801945388317108
0.37045666575431824
0.44733917713165283
0.44739240407943726
0.5641447305679321
0.2644779086112976
0.39034536480903625
0.7796683311462402
0.4371333420276642
0.47438740730285645
0.35566404461860657
0.6142554879188538
0.40554654598236084
0.5696194171905518
0.5076724886894226
0.34117209911346436
0.4293852746486664
0.449125736951828
0.3362807631492615
0.45395269989967346
0.33250775933265686
0.37910154461860657
0.3834478259086609
0.5943265557289124
0.4379218518733978
0.42643293738365173
0.3475671112537384
0.4843922555446625
0.6445541381835938
0.42517217993736267
0.498407781124115
0.4540366232395172
0.6860077381134033
0.3598386347293854
0.5839937329292297
0.4609183073043823
0.5340664386749268
0.6214033365249634
0.44938406348228455
0.3842272162437439
0.3748028874397278
0.47168591618537903
0.44343987107276917
0.47818800806999207
0.37637847661972046
0.6881181001663208
0.5581024289131165
0.6244878768920898
0.3082579970359802
0.5038495063781738
0.45124197006225586
0.382667601108551
0.6231347918510437
0.36243006587028503
0.49545803666114807
0.40509307384490967
0.34988605976104736
0.544135570526123
0.4485158622264862
0.4252700209617615
0.6908321380615234
0.42737269401550293
0.5757187008857727
0.49327352643013
0.8011475801467896
0.3381783962249756
0.4526159167289734
0.7247111797332764
0.7093390226364136
0.7570488452911377
0.6491807103157043
0.4423803985118866
0.5698862075805664
0.4011843800544739
0.5827017426490784
0.31218695640563965
0.5560999512672424
0.5852923393249512
0.6519721150398254
0.3996332585811615
0.41296014189720154
0.5161232948303223
0.35479313135147095
0.5617860555648804
0.57438725233078
0.47709837555885315
0.4993484616279602
0.4170762002468109
0.5702452063560486
0.43658626079559326
0.6286338567733765
0.4800034165382385
0.5985910296440125
0.49417704343795776
0.5921653509140015
0.7860810160636902
0.4744218587875366
0.4883950352668762
0.3787371814250946
0.4119652509689331
0.5452679991722107
0.6360685229301453
0.6851704120635986
0.43636754155158997
0.5743585228919983
0.41918739676475525
0.6158685684204102
0.7140561938285828
0.5271559357643127
0.5344104766845703
0.6453393697738647
0.5853862166404724
0.5435996055603027
0.6718207001686096
0.5441120266914368
0.34137293696403503
0.44987666606903076
0.5191422700881958
0.6312412619590759
0.33273306488990784
0.4114224910736084
0.5026001334190369
0.47625213861465454
0.46838703751564026
0.3528560698032379
0.47737494111061096
0.7391200661659241
0.3100374639034271
0.6210526823997498
0.6942153573036194
0.34503045678138733
0.7252112030982971
0.28189295530319214
0.4088863432407379
0.6540372967720032
0.49233531951904297
0.24860723316669464
0.2910028398036957
0.3530328869819641
0.45771539211273193
0.5595729351043701
0.445885568857193
0.5139145851135254
0.7269578576087952
0.4499097764492035
0.44751831889152527
0.5419917106628418
0.6135287880897522
0.6278371214866638
0.6470978856086731
0.5143678784370422
0.3771759867668152
0.5694213509559631
0.44811421632766724
0.28075405955314636
0.42529696226119995
0.5503329634666443
0.49297696352005005
0.2884506583213806
0.42700114846229553
0.38467663526535034
0.331047922372818
0.5763355493545532
0.503985583782196
0.4177435040473938
0.4393177628517151
0.701920747756958
0.6215841770172119
0.6501007676124573
0.4719770848751068
0.365496963262558
0.5116682648658752
0.7271470427513123
0.5605794191360474
0.2977915108203888
0.30799269676208496
0.292010098695755
0.5243054628372192
0.6026313304901123
0.6335930228233337
0.4933689832687378
0.529507040977478
0.5879218578338623
0.3746587038040161
0.4604641795158386
0.569114625453949
0.4989699423313141
0.38954484462738037
0.47018906474113464
0.5558911561965942
0.4515707194805145
0.6288467645645142
0.617165207862854
0.46854689717292786
0.4688897728919983
0.3743860423564911
0.5650215148925781
0.6676099300384521
0.7772380709648132
0.5432890057563782
0.4075267016887665
0.5899012684822083
0.41012370586395264
0.5532645583152771
0.6252548694610596
0.32000651955604553
0.5756757855415344
0.45699432492256165
0.5718698501586914
0.5132588148117065
0.44709035754203796
0.6337724924087524
0.37675800919532776
0.5828660130500793
0.5709525942802429
0.5131343007087708
0.4340081512928009
0.5245486497879028
0.4477649927139282
0.4128682017326355
0.523504376411438
0.5911479592323303
0.5912429094314575
0.6883446574211121
0.6136902570724487
0.36238905787467957
0.5146527886390686
0.4299154579639435
0.5022367238998413
0.6310676336288452
0.5808541178703308
0.5948155522346497
0.40591147541999817
0.6156207919120789
0.42517998814582825
0.5309507250785828
0.5910987257957458
0.4616270363330841
0.47043055295944214
0.7081627249717712
0.4836006462574005
0.504948616027832
0.31007856130599976
0.48817792534828186
0.6124532222747803
0.6656520962715149
0.4594217836856842
0.49921080470085144
0.6493333578109741
0.6858722567558289
0.5460684895515442
0.4928584396839142
0.5013778209686279
0.5691987872123718
0.6022698283195496
0.6196374893188477
0.6266373991966248
0.30792340636253357
0.5166411399841309
0.4222566783428192
0.41022437810897827
0.23257575929164886
0.4000588655471802
0.43198713660240173
0.5888062119483948
0.3896411955356598
0.6122297644615173
0.4918174743652344
0.453208863735199
0.6226119995117188
0.6004602909088135
0.35992875695228577
0.3342943489551544
0.6087641716003418
0.5040032863616943
0.653175413608551
0.4808143973350525
0.5530110597610474
0.6159396767616272
0.5607295036315918
0.579051673412323
0.5349395275115967
0.47986626625061035
0.6197186708450317
0.6091135144233704
0.49045249819755554
0.5059911012649536
0.303615927696228
0.5708745718002319
0.6135170459747314
0.4709485173225403
0.4508517384529114
0.5625818371772766
0.46484994888305664
0.3100457191467285
0.5243438482284546
0.4581087827682495
0.5253771543502808
0.4960809051990509
0.3892362117767334
0.4497613310813904
0.4657144248485565
0.37364286184310913
0.5559532046318054
0.42660701274871826
0.3961239755153656
0.4848982095718384
0.515874445438385
0.5948421359062195
0.4212005138397217
0.5762708187103271
0.5505475401878357
0.31349313259124756
0.4063451290130615
0.5894486308097839
0.6389697194099426
0.3603126108646393
0.3686849772930145
0.6033485531806946
0.24415509402751923
0.3512391746044159
0.46554264426231384
0.5446423292160034
0.48878565430641174
0.4358343482017517
0.4546573758125305
0.5872556567192078
0.30516254901885986
0.47988930344581604
0.513145923614502
0.4928765892982483
0.5637046694755554
0.3911963403224945
0.7184846997261047
0.32370537519454956
0.38047924637794495
0.7164514660835266
0.15033945441246033
0.4591485559940338
0.2901776134967804
0.5445432066917419
0.4913906157016754
0.4922860562801361
0.5404534339904785
0.3515416979789734
0.5788282155990601
0.58283931016922
0.3402819335460663
0.5009656548500061
0.6031703352928162
0.5575767159461975
0.33027225732803345
0.4770159423351288
0.6404311656951904
0.3075588643550873
0.6115989685058594
0.23261387646198273
0.4662508964538574
0.7427694797515869
0.5235362648963928
0.45482325553894043
0.4966697692871094
0.4353448450565338
0.3731732964515686
0.6208237409591675
0.4624958336353302
0.2649771273136139
0.632513701915741
0.4036157429218292
0.5794962644577026
0.3221910297870636
0.44272708892822266
0.46257415413856506
0.5915506482124329
0.3919634521007538
0.41153842210769653
0.42946282029151917
0.6216854453086853
0.5765724778175354
0.43617773056030273
0.33490678668022156
0.49837565422058105
0.5629826188087463
0.28739455342292786
0.2641385793685913
0.6168403625488281
0.7313461899757385
0.33359867334365845
0.28827834129333496
0.47867441177368164
0.5610361695289612
0.6560259461402893
0.474568247795105
0.501214861869812
0.36849987506866455
0.5283986926078796
0.37661901116371155
0.4054684042930603
0.7129464149475098
0.5813842415809631
0.6084902882575989
0.3325705826282501
0.516819417476654
0.6398893594741821
0.44679078459739685
0.6876439452171326
0.6643392443656921
0.5340451598167419
0.5754309892654419
0.5260884165763855
0.4631175994873047
0.3417333960533142
0.6307199597358704
0.5554803609848022
0.5021406412124634
0.5234306454658508
0.6947325468063354
0.3563809394836426
0.5513580441474915
0.39983025193214417
0.5031333565711975
0.6651201844215393
0.6915606260299683
0.37400564551353455
0.3918626010417938
0.4897345304489136
0.4479313790798187
0.5311340093612671
0.38776731491088867
0.28789108991622925
0.3586512804031372
0.3294055759906769
0.37707456946372986
0.5107393264770508
0.5534617304801941
0.42568933963775635
0.43177735805511475
0.643686056137085
0.5060096979141235
0.4639856815338135
0.4437846541404724
0.5662297010421753
0.39526477456092834
0.5648139119148254
0.2274283766746521
0.2717948853969574
0.4608076512813568
0.47651901841163635
0.4897630512714386
0.6717286705970764
0.3497726023197174
0.3491571545600891
0.484656423330307
0.3982422947883606
0.5942320227622986
0.4711439311504364
0.4741436839103699
0.6946321725845337
0.6307687163352966
0.4611174166202545
0.49413183331489563
0.40684518218040466
0.48161080479621887
0.36747896671295166
0.49041905999183655
0.3147239685058594
0.46957314014434814
0.523181676864624
0.5213912129402161
0.40342050790786743
0.5874807834625244
0.49388644099235535
0.5313847661018372
0.461813360452652
0.8580665588378906
0.5058443546295166
0.2433905452489853
0.4507722854614258
0.3800552785396576
0.4187145233154297
0.5886406302452087
0.33440157771110535
0.4209307134151459
0.3941730856895447
0.4576430022716522
0.6859159469604492
0.5556497573852539
0.5968078970909119
0.5910981893539429
0.28065651655197144
0.47038376331329346
0.41377371549606323
0.5191835165023804
0.5525694489479065
0.49658358097076416
0.5227604508399963
0.41219615936279297
0.6402333974838257
0.678044319152832
0.5024181008338928
0.3331105709075928
0.3905399739742279
0.5553613305091858
0.2835223078727722
0.6374006271362305
0.6116407513618469
0.38311851024627686
0.4731596112251282
0.5799228549003601
0.6250655055046082
0.46255362033843994
0.4577142894268036
0.49750104546546936
0.47595086693763733
0.4082644581794739
0.5516277551651001
0.38443830609321594
0.2792763113975525
0.4795607626438141
0.5058291554450989
0.5058906078338623
0.48557689785957336
0.5882771015167236
0.5062975287437439
0.5448955297470093
0.5015047788619995
0.4526369273662567
0.4323081374168396
0.6719846129417419
0.3112253248691559
0.6212658882141113
0.45819416642189026
0.409517765045166
0.5443064570426941
0.5187305212020874
0.4879322946071625
0.41764652729034424
0.3805566728115082
0.5802327394485474
0.708403468132019
0.44085225462913513
0.3122151494026184
0.4111610949039459
0.6317650079727173
0.6828200221061707
0.36434537172317505
0.3965340554714203
0.5965951085090637
0.36078396439552307
0.4349876046180725
0.5410905480384827
0.5519573092460632
0.37090304493904114
0.6457443833351135
0.47901347279548645
0.4162234663963318
0.3055020570755005
0.5440844297409058
0.6210052371025085
0.42284464836120605
0.5428629517555237
0.5348806381225586
0.43920162320137024
0.8115840554237366
0.6221089363098145
0.6757200956344604
0.6368033289909363
0.40467509627342224
0.5589537620544434
0.5088316202163696
0.4184730648994446
0.7189705967903137
0.5378510355949402
0.6246803998947144
0.40069448947906494
0.51374751329422
0.5119808316230774
0.32667359709739685
0.6183158755302429
0.5549803376197815
0.5284484028816223
0.42403966188430786
0.3791608214378357
0.5804654359817505
0.3403746485710144
0.6394143104553223
0.6187120676040649
0.5737692713737488
0.3960866332054138
0.6248332858085632
0.7661811709403992
0.5127618908882141
0.3438311219215393
0.3905751407146454
0.47887900471687317
0.5902748107910156
0.37122565507888794
0.3107927739620209
0.39966848492622375
0.46355992555618286
0.5231150388717651
0.557723879814148
0.28925299644470215
0.34120815992355347
0.32215237617492676
0.633182168006897
0.41263729333877563
0.47330784797668457
0.47165539860725403
0.5585353374481201
0.3966141939163208
0.5502246022224426
0.5410430431365967
0.46320948004722595
0.5479205250740051
0.547030508518219
0.3628119230270386
0.45421063899993896
0.6109030842781067
0.548128068447113
0.4798280894756317
0.7089576125144958
0.45555418729782104
0.6025172472000122
0.4739229083061218
0.6485325694084167
0.5601471662521362
0.39931201934814453
0.6869794130325317
0.5772480368614197
0.5752328634262085
0.6378676891326904
0.4967211186885834
0.4772132337093353
0.5882734656333923
0.41710421442985535
0.5151045918464661
0.3896612226963043
0.43133261799812317
0.5137702822685242
0.6296591758728027
0.46203508973121643
0.4505946636199951
0.5692400336265564
0.33992239832878113
0.5074679851531982
0.5723950862884521
0.42069461941719055
0.4606446921825409
0.4472050368785858
0.5523887872695923
0.5864381194114685
0.5194768309593201
0.5404773354530334
0.5287678241729736
0.4788164794445038
0.4549366235733032
0.5589497089385986
0.27661654353141785
0.4555720090866089
0.4477262496948242
0.5763198733329773
0.653537929058075
0.5629560351371765
0.26870307326316833
0.4153401851654053
0.6216251850128174
0.6218858957290649
0.7086272239685059
0.42169439792633057
0.2975309193134308
0.5578954219818115
0.543526828289032
0.6224355697631836
0.4636402726173401
0.49554193019866943
0.5490397214889526
0.45295703411102295
0.5383144617080688
0.6902274489402771
0.3598027527332306
0.3841710686683655
0.504339873790741
0.5427218675613403
0.4062550365924835
0.6110497117042542
0.4070857763290405
0.3046807646751404
0.3375692069530487
0.4081697463989258
0.2682655155658722
0.6577634215354919
0.633102297782898
0.4257045388221741
0.591127336025238
0.47645580768585205
0.5363532900810242
0.3747957646846771
0.47660860419273376
0.5454126596450806
0.5263819098472595
0.3896713852882385
0.4446598291397095
0.5142841339111328
0.5720800161361694
0.438994437456131
0.4806709289550781
0.26185551285743713
0.5879257321357727
0.5279442667961121
0.48075902462005615
0.5247800946235657
0.6147556900978088
0.49145492911338806
0.407135546207428
0.5380213260650635
0.4302792251110077
0.49127212166786194
0.31288614869117737
0.44977426528930664
0.4668820798397064
0.4301099479198456
0.3756677508354187
0.6692275404930115
0.3945190906524658
0.6155325174331665
0.4147832989692688
0.4387471675872803
0.49825727939605713
0.49409914016723633
0.4430972933769226
0.671438992023468
0.37059640884399414
0.37529250979423523
0.3938855826854706
0.6252361536026001
0.4021226763725281
0.5420647263526917
0.43995362520217896
0.30888164043426514
0.5302323698997498
0.7339169383049011
0.6453186869621277
0.48208558559417725
0.702583372592926
0.5275840163230896
0.5577014088630676
0.7127251625061035
0.28807803988456726
0.372679740190506
0.6727113723754883
0.43337592482566833
0.273710161447525
0.49284812808036804
0.5813635587692261
0.6228250861167908
0.6169581413269043
0.410850465297699
0.4184420108795166
0.575671911239624
0.5339314937591553
0.5501983761787415
0.5385663509368896
0.2045101523399353
0.41220277547836304
0.3995957374572754
0.5004143714904785
0.478945255279541
0.6534579992294312
0.41601407527923584
0.7258495092391968
0.5196352005004883
0.4433300495147705
0.5798134207725525
0.5974687933921814
0.5452806949615479
0.4582763910293579
0.5212792158126831
0.325550377368927
0.7072768211364746
0.6439094543457031
0.39812788367271423
0.4534666836261749
0.5435388684272766
0.39449799060821533
0.5345818996429443
0.37557730078697205
0.4593466818332672
0.4281052052974701
0.4548170864582062
0.46095216274261475
0.7097167372703552
0.41422340273857117
0.37367528676986694
0.45144540071487427
0.4939201772212982
0.4512816071510315
0.4142451882362366
0.6179124116897583
0.5049423575401306
0.6997866630554199
0.5452819466590881
0.7372627258300781
0.6556792259216309
0.486344575881958
0.6876091957092285
0.49501943588256836
0.40761977434158325
0.4822804629802704
0.5644999146461487
0.6569002866744995
0.3843977749347687
0.3484761416912079
0.4911981225013733
0.40811023116111755
0.476284921169281
0.5258327722549438
0.36328524351119995
0.41183099150657654
0.4170475900173187
0.3966609835624695
0.6763798594474792
0.4782741963863373
0.46717146039009094
0.4969770908355713
0.3237183094024658
0.43415096402168274
0.422771155834198
0.43462786078453064
0.503079354763031
0.44832611083984375
0.4146510362625122
0.6770294904708862
0.3335399031639099
0.6181858777999878
0.6173847913742065
0.5799805521965027
0.3870432674884796
0.4989185929298401
0.37022191286087036
0.41617852449417114
0.3723370432853699
0.42680826783180237
0.4238904118537903
0.5434304475784302
0.48384878039360046
0.6144290566444397
0.44015833735466003
0.5902942419052124
0.5475155711174011
0.5505971312522888
0.6950336694717407
0.5417922735214233
0.5457028150558472
0.5324040055274963
0.5029568672180176
0.4600858986377716
0.4776346683502197
0.6055715084075928
0.675606906414032
0.49247556924819946
0.3691509962081909
0.32427212595939636
0.3912576138973236
0.6601962447166443
0.5075772404670715
0.482537180185318
0.5957489013671875
0.4535508453845978
0.6010448336601257
0.5429253578186035
0.33338630199432373
0.45287445187568665
0.3173940181732178
0.4502626359462738
0.5093880891799927
0.5009471774101257
0.4628753066062927
0.5242151618003845
0.4822850823402405
0.2605012357234955
0.3442683517932892
0.6784561276435852
0.4426026940345764
0.619127631187439
0.6174948811531067
0.6785452365875244
0.5085920095443726
0.5559781193733215
0.31566330790519714
0.48264196515083313
0.3851303458213806
0.47830069065093994
0.37861281633377075
0.589210033416748
0.420349657535553
0.4816682040691376
0.5547503232955933
0.5367763638496399
0.5829877853393555
0.4377650320529938
0.44923511147499084
0.41961267590522766
0.5076518654823303
0.660688579082489
0.397475004196167
0.5368432998657227
0.6402419805526733
0.5034469366073608
0.39820384979248047
0.6675873398780823
0.5919724106788635
0.7517475485801697
0.28799211978912354
0.3704443871974945
0.6392005681991577
0.2922711968421936
0.504632830619812
0.6192305088043213
0.6243995428085327
0.7155947685241699
0.42300185561180115
0.4952846169471741
0.40851256251335144
0.6403592228889465
0.344530314207077
0.3013412058353424
0.34814831614494324
0.4082771837711334
0.44468510150909424
0.4293644428253174
0.4637308716773987
0.7014458179473877
0.28570815920829773
0.4482724964618683
0.42819419503211975
0.5838379263877869
0.4790075123310089
0.5613031983375549
0.3942679464817047
0.5018880367279053
0.5566449165344238
0.2999660074710846
0.41076749563217163
0.4825996160507202
0.4429052770137787
0.504831850528717
0.6881406903266907
0.5592188835144043
0.4019332230091095
0.5548908710479736
0.6707958579063416
0.4510252773761749
0.38509926199913025
0.5657227635383606
0.6951964497566223
0.4805281460285187
0.5740561485290527
0.6541167497634888
0.4711968004703522
0.4588462710380554
0.7862630486488342
0.47272899746894836
0.5724389553070068
0.42938974499702454
0.6414305567741394
0.5438957214355469
0.7266961336135864
0.45982280373573303
0.4704367220401764
0.6438317894935608
0.5845722556114197
0.7448391318321228
0.576479434967041
0.5580335259437561
0.7391692996025085
0.47867366671562195
0.6537095904350281
0.6060131788253784
0.46107223629951477
0.6777303814888
0.36803093552589417
0.32107260823249817
0.3729158639907837
0.5982205867767334
0.4592154622077942
0.4247296452522278
0.436919242143631
0.42924588918685913
0.27349284291267395
0.5524889826774597
0.4975411593914032
0.638545572757721
0.4857552945613861
0.6416524052619934
0.5445477366447449
0.4765228033065796
0.3188609778881073
0.512612521648407
0.33575180172920227
0.357906699180603
0.6103659868240356
0.6842741370201111
0.5476090312004089
0.5057257413864136
0.37898552417755127
0.6574907898902893
0.6063918471336365
0.5299193263053894
0.5004998445510864
0.3313128352165222
0.503182053565979
0.38725292682647705
0.5821872353553772
0.46246251463890076
0.49921751022338867
0.4675770103931427
0.334850937128067
0.5744790434837341
0.4817625880241394
0.3044469654560089
0.6437326073646545
0.5742743611335754
0.5694472789764404
0.493028849363327
0.47454261779785156
0.48141413927078247
0.44224813580513
0.5502499341964722
0.4670010209083557
0.7163761854171753
0.7179136276245117
0.5200302600860596
0.48423320055007935
0.5788776278495789
0.6286486387252808
0.4115408658981323
0.5912801623344421
0.35495525598526
0.43957212567329407
0.5348807573318481
0.32192105054855347
0.5243838429450989
0.5360999703407288
0.4759536385536194
0.5166345834732056
0.640897274017334
0.5820824503898621
0.630139172077179
0.6721165776252747
0.6129690408706665
0.4525655508041382
0.24156396090984344
0.2571204900741577
0.43814772367477417
0.5339135527610779
0.7033219337463379
0.5307223200798035
0.5718905925750732
0.5539121031761169
0.48340192437171936
0.5993569493293762
0.6618239283561707
0.5897547602653503
0.45972853899002075
0.45072099566459656
0.46806445717811584
0.5664832592010498
0.27313604950904846
0.47231975197792053
0.4036315679550171
0.6379057765007019
0.2770646810531616
0.5784280896186829
0.3634912669658661
0.5985473990440369
0.4488806426525116
0.7878718376159668
0.6734594702720642
0.387967973947525
0.6235467195510864
0.42159920930862427
0.4358070194721222
0.5000527501106262
0.43904146552085876
0.4659864604473114
0.39710909128189087
0.46707242727279663
0.5644744634628296
0.5012104511260986
0.6039077043533325
0.5664166212081909
0.6405813097953796
0.5341542363166809
0.3398955762386322
0.45250675082206726
0.48145854473114014
0.546484112739563
0.3407742381095886
0.6193891763687134
0.4476923644542694
0.606541097164154
0.49783748388290405
0.5245863795280457
0.45225852727890015
0.5538795590400696
0.5009340047836304
0.47987228631973267
0.4629618227481842
0.524084746837616
0.3622983396053314
0.4228457808494568
0.5777679085731506
0.5335202217102051
0.4045290946960449
0.5701941847801208
0.5149009227752686
0.7373582124710083
0.5246725082397461
0.3959418535232544
0.7030453681945801
0.501408576965332
0.5685734152793884
0.5466177463531494
0.23123730719089508
0.36194899678230286
0.5126566886901855
0.5760401487350464
0.48659461736679077
0.47254684567451477
0.5701244473457336
0.43774983286857605
0.4802761971950531
0.46222972869873047
0.3414698541164398
0.38989341259002686
0.56033855676651
0.49234750866889954
0.44231611490249634
0.6154882907867432
0.6252145767211914
0.620232343673706
0.5406976938247681
0.5319620370864868
0.4961111545562744
0.44877275824546814
0.6264491081237793
0.6158304214477539
0.5699947476387024
0.3006191551685333
0.4569733440876007
0.3702894449234009
0.5215734839439392
0.48155081272125244
0.615139901638031
0.6142008900642395
0.5939669013023376
0.5531898140907288
0.41193485260009766
0.6369372606277466
0.3212077021598816
0.5791052579879761
0.7012009024620056
0.5136874914169312
0.5979391932487488
0.507368803024292
0.6335963010787964
0.6509712934494019
0.3991773724555969
0.4167350232601166
0.4247685372829437
0.35547277331352234
0.32843849062919617
0.48714983463287354
0.5278509259223938
0.6431636214256287
0.5056765675544739
0.3404654264450073
0.535997211933136
0.6889909505844116
0.4889465570449829
0.3430935740470886
0.6615973114967346
0.5815730690956116
0.5606784820556641
0.4830392599105835
0.6222025156021118
0.5708205103874207
0.4528923034667969
0.40128061175346375
0.5538589358329773
0.5008828639984131
0.49387726187705994
0.5170460343360901
0.4863895773887634
0.40021049976348877
0.7429220676422119
0.3991788923740387
0.4447084367275238
0.4247184991836548
0.44333648681640625
0.56536865234375
0.5670888423919678
0.7233108282089233
0.6196426153182983
0.5787256956100464
0.520429790019989
0.543689489364624
0.555357038974762
0.4120860695838928
0.6906338930130005
0.31709617376327515
0.614974319934845
0.5373817682266235
0.3421068787574768
0.5086642503738403
0.5890533924102783
0.626068115234375
0.468523770570755
0.47908511757850647
0.3326432704925537
0.6604613661766052
0.44364506006240845
0.3383914530277252
0.5334402322769165
0.6359556913375854
0.45667725801467896
0.47385287284851074
0.3910996615886688
0.5564302206039429
0.28223034739494324
0.3861375153064728
0.628054141998291
0.583502471446991
0.32229897379875183
0.4979076683521271
0.3516504466533661
0.5257625579833984
0.40570542216300964
0.42084071040153503
0.40053313970565796
0.2805904448032379
0.25039902329444885
0.632561445236206
0.35084524750709534
0.3608131408691406
0.5742565393447876
0.5664084553718567
0.444584459066391
0.5905939936637878
0.42718344926834106
0.4722541868686676
0.5252108573913574
0.5333227515220642
0.6061792373657227
0.6069673895835876
0.5043903589248657
0.4515930712223053
0.38556817173957825
0.5599510073661804
0.5132260322570801
0.5000945329666138
0.5834940671920776
0.41953355073928833
0.33603209257125854
0.6227418184280396
0.48664700984954834
0.7230163812637329
0.33931443095207214
0.6282312273979187
0.6630659699440002
0.5074996948242188
0.5429591536521912
0.5327867865562439
0.43798208236694336
0.4755769371986389
0.3245687782764435
0.5930590629577637
0.2847807705402374
0.3527216911315918
0.49612733721733093
0.4071042835712433
0.35458463430404663
0.29118308424949646
0.5236547589302063
0.623382031917572
0.4635208249092102
0.4371757209300995
0.4638555645942688
0.4981808364391327
0.580315887928009
0.6094227433204651
0.6332677602767944
0.6498938798904419
0.37231290340423584
0.6016499400138855
0.5284274816513062
0.6162229776382446
0.3859338164329529
0.4919235110282898
0.47657978534698486
0.37521618604660034
0.7161375880241394
0.37232547998428345
0.5784215331077576
0.5244536995887756
0.638364851474762
0.41817840933799744
0.6419097781181335
0.5373502373695374
0.4904172122478485
0.5833758115768433
0.6091005802154541
0.4221443235874176
0.5030854344367981
0.6634320616722107
0.6152945160865784
0.4783160090446472
0.3947064280509949
0.6014009714126587
0.4718346893787384
0.6342718005180359
0.5366098284721375
0.3855096101760864
0.49719616770744324
0.6024438142776489
0.5280110239982605
0.5100973844528198
0.29980406165122986
0.7528380751609802
0.5477656722068787
0.5521283745765686
0.4452614188194275
0.5188310146331787
0.5537932515144348
0.6009916663169861
0.5992660522460938
0.641849935054779
0.5555863976478577
0.30322328209877014
0.6314916610717773
0.698965847492218
0.751539409160614
0.5990480780601501
0.551367998123169
0.5578073859214783
0.5454514026641846
0.7179881930351257
0.651735246181488
0.59474116563797
0.4710512161254883
0.6353439688682556
0.6072546243667603
0.3336157500743866
0.5429805517196655
0.5662201642990112
0.5398416519165039
0.6115315556526184
0.5810245871543884
0.3692229986190796
0.3917156159877777
0.6628836393356323
0.502449631690979
0.6906581521034241
0.4367171823978424
0.5160859823226929
0.4268355369567871
0.4688907861709595
0.5806022882461548
0.4803754389286041
0.6306151747703552
0.37088823318481445
0.49387213587760925
0.5564154982566833
0.4345836639404297
0.4087042212486267
0.27042990922927856
0.596236526966095
0.6218974590301514
0.4814991354942322
0.37807926535606384
0.5480645895004272
0.5268736481666565
0.36962461471557617
0.6944242119789124
0.5086707472801208
0.4016221761703491
0.493302583694458
0.5075873136520386
0.6302827596664429
0.3904600441455841
0.4352375268936157
0.5601137280464172
0.5281573534011841
0.39218389987945557
0.6822319626808167
0.6264363527297974
0.3462042808532715
0.49869415163993835
0.31224918365478516
0.2912887930870056
0.5681329369544983
0.3456815481185913
0.5185567736625671
0.6198204755783081
0.571876049041748
0.35733795166015625
0.48136451840400696
0.5345733165740967
0.5698348879814148
0.5496026277542114
0.5145383477210999
0.6630114912986755
0.7525454163551331
0.46993520855903625
0.40584179759025574
0.4067791700363159
0.4389443099498749
0.4761216938495636
0.5196864008903503
0.4936390221118927
0.532977283000946
0.6139274835586548
0.7169433236122131
0.42778027057647705
0.47603750228881836
0.6460496783256531
0.5970176458358765
0.45399704575538635
0.6234919428825378
0.44051533937454224
0.3196256160736084
0.43653610348701477
0.42787182331085205
0.4776287078857422
0.5265270471572876
0.38944995403289795
0.4843677282333374
0.6045128107070923
0.4926518201828003
0.4839375615119934
0.4069845974445343
0.6527130603790283
0.5805959105491638
0.4771088659763336
0.41349002718925476
0.6324751973152161
0.7508691549301147
0.5928652286529541
0.5099266767501831
0.48633959889411926
0.33151060342788696
0.5663447380065918
0.501988410949707
0.40540608763694763
0.43666210770606995
0.48512426018714905
0.4516225755214691
0.49746885895729065
0.7580540776252747
0.5083446502685547
0.4939661920070648
0.467265248298645
0.3858734667301178
0.39276063442230225
0.7019852995872498
0.4241105616092682
0.4859410524368286
0.4889237582683563
0.6011895537376404
0.528453528881073
0.49722570180892944
0.6108442544937134
0.621599018573761
0.4778720736503601
0.47215691208839417
0.4544799029827118
0.32846617698669434
0.5137827396392822
0.5240039229393005
0.6031414270401001
0.5488439798355103
0.6117210388183594
0.40763893723487854
0.5264586806297302
0.4295438826084137
0.4232587218284607
0.44915497303009033
0.3365394175052643
0.552686870098114
0.5844119191169739
0.4960770606994629
0.5593488812446594
0.3199911415576935
0.6273905634880066
0.5943217277526855
0.4771800935268402
0.3165479898452759
0.5464426875114441
0.4027658700942993
0.4230637550354004
0.41625627875328064
0.5525646805763245
0.42024320363998413
0.4846285283565521
0.3945143520832062
0.500356912612915
0.6833028793334961
0.4503192603588104
0.5225399136543274
0.4714970886707306
0.6653349995613098
0.5965977311134338
0.6909888982772827
0.5202563405036926
0.5470172762870789
0.5184749960899353
0.43437451124191284
0.5886434316635132
0.5587550401687622
0.45947277545928955
0.5748980641365051
0.5310518741607666
0.31224384903907776
0.41741231083869934
0.47609183192253113
0.7208850979804993
0.5577104091644287
0.5475977659225464
0.6314763426780701
0.5469645261764526
0.3470669984817505
0.5094972252845764
0.5020403265953064
0.5809123516082764
0.40262502431869507
0.4524438977241516
0.5319877862930298
0.3418950140476227
0.3533240854740143
0.42764046788215637
0.5721482038497925
0.37302711606025696
0.6012454032897949
0.433461457490921
0.3800711929798126
0.46989479660987854
0.65078204870224
0.4119246006011963
0.37462684512138367
0.39633187651634216
0.45170071721076965
0.3380763530731201
0.46382591128349304
0.5852851271629333
0.47718045115470886
0.5570213794708252
0.5219686031341553
0.2998233735561371
0.47655627131462097
0.5592349171638489
0.4625609517097473
0.681858241558075
0.6152297258377075
0.4470047652721405
0.5380113124847412
0.45662978291511536
0.3113487958908081
0.5229035019874573
0.4189435839653015
0.43303847312927246
0.48009562492370605
0.37414875626564026
0.6687018275260925
0.4100462794303894
0.4028671085834503
0.6020784378051758
0.6279041767120361
0.5965352058410645
0.3930123448371887
0.5790244340896606
0.3798316717147827
0.4036651849746704
0.5802475810050964
0.5668110251426697
0.6471363306045532
0.4694318473339081
0.6133714318275452
0.42820295691490173
0.5843210220336914
0.2761576175689697
0.4245348274707794
0.3084840774536133
0.602423906326294
0.5163518786430359
0.5763779282569885
0.7083151936531067
0.5101390480995178
0.5610650777816772
0.35713231563568115
0.3642646074295044
0.5228466391563416
0.5413944125175476
0.45454296469688416
0.5285518765449524
0.5611547827720642
0.46771112084388733
0.561232328414917
0.3999684154987335
0.4421887993812561
0.29746973514556885
0.3493960201740265
0.45029133558273315
0.4169960916042328
0.7103562355041504
0.4223821759223938
0.508776843547821
0.42909836769104004
0.5264121294021606
0.7166186571121216
0.43334418535232544
0.37463274598121643
0.5186395049095154
0.41224244236946106
0.6148748397827148
0.34878966212272644
0.5069453120231628
0.678707480430603
0.5977020859718323
0.5406264066696167
0.30590495467185974
0.35657328367233276
0.46716949343681335
0.5853002071380615
0.3982778489589691
0.5628699064254761
0.5125446319580078
0.6296529173851013
0.4434133768081665
0.7399259805679321
0.4658357501029968
0.22888024151325226
0.484421044588089
0.4077526926994324
0.6121346950531006
0.5097404718399048
0.47123223543167114
0.5432911515235901
0.6310778260231018
0.6293986439704895
0.5110931992530823
0.5872864127159119
0.41459372639656067
0.3312250077724457
0.7401392459869385
0.4732564687728882
0.45278340578079224
0.4985049068927765
0.46530428528785706
0.34319281578063965
0.7574262619018555
0.5081521272659302
0.2664403021335602
0.5619125366210938
0.411508709192276
0.33345869183540344
0.5295244455337524
0.6553290486335754
0.5474038124084473
0.6040393710136414
0.421045184135437
0.4220702648162842
0.5973409414291382
0.5669249892234802
0.571090579032898
0.5482972860336304
0.5229586958885193
0.36005356907844543
0.4607238471508026
0.4433879256248474
0.6311534643173218
0.4904952943325043
0.3729678988456726
0.3372896909713745
0.5896192193031311
0.6128592491149902
0.475860059261322
0.5287438035011292
0.5869333148002625
0.4492064118385315
0.42573389410972595
0.4955456256866455
0.48613449931144714
0.3963165283203125
0.43610042333602905
0.26117047667503357
0.5518763661384583
0.5769175291061401
0.5397351980209351
0.41206490993499756
0.5808837413787842
0.37133079767227173
0.5006875991821289
0.37096357345581055
0.35890689492225647
0.3389120399951935
0.6920873522758484
0.650790810585022
0.47486570477485657
0.600868821144104
0.631902277469635
0.5683016180992126
0.7019637823104858
0.48346954584121704
0.6596994996070862
0.6346445679664612
0.5792677402496338
0.4627431631088257
0.5110774636268616
0.43785902857780457
0.5400925874710083
0.2290124148130417
0.2498154491186142
0.5366314649581909
0.522293746471405
0.5208518505096436
0.6006770133972168
0.5791473984718323
0.4376660883426666
0.5350382924079895
0.3695334494113922
0.413641095161438
0.6287503242492676
0.37743881344795227
0.24823759496212006
0.3147290349006653
0.5633252263069153
0.21586070954799652
0.4568309187889099
0.5920338034629822
0.5155102014541626
0.6068733930587769
0.2374878227710724
0.583252489566803
0.6315800547599792
0.4303118884563446
0.39882102608680725
0.44611653685569763
0.412095844745636
0.5485735535621643
0.6779643893241882
0.7008240818977356
0.5820016264915466
0.5075979232788086
0.5638257265090942
0.5703911185264587
0.4690020680427551
0.5124853253364563
0.5352767705917358
0.5856356024742126
0.4123401641845703
0.4554685950279236
0.3181808292865753
0.2769242227077484
0.45186591148376465
0.43042004108428955
0.6031241416931152
0.5130501389503479
0.5694630146026611
0.49259188771247864
0.3932379186153412
0.6071368455886841
0.39126479625701904
0.490473210811615
0.37983232736587524
0.6111754775047302
0.39505207538604736
0.5716813206672668
0.31170520186424255
0.22110143303871155
0.4692733883857727
0.6093172430992126
0.4770115613937378
0.6204408407211304
0.41655227541923523
0.5266814827919006
0.46244335174560547
0.653243362903595
0.4974031150341034
0.3838401138782501
0.3522127866744995
0.3852248191833496
0.24137583374977112
0.4299671947956085
0.5817806720733643
0.5568355321884155
0.4800574779510498
0.3857870399951935
0.5861490368843079
0.5670323967933655
0.3459104001522064
0.4603425860404968
0.5037673115730286
0.697575032711029
0.633092999458313
0.3136455714702606
0.4580855965614319
0.38280242681503296
0.5356336832046509
0.552342414855957
0.7921169996261597
0.5017996430397034
0.5400756597518921
0.5034370422363281
0.3321712017059326
0.6101335287094116
0.25000888109207153
0.3717602491378784
0.6906905770301819
0.39284548163414
0.5334842801094055
0.39333587884902954
0.5897948741912842
0.48941174149513245
0.7249464988708496
0.34849509596824646
0.5473202466964722
0.3465011715888977
0.43007001280784607
0.5084030628204346
0.3469570279121399
0.542888879776001
0.6583783626556396
0.426943838596344
0.5304352641105652
0.44181573390960693
0.5327826142311096
0.6707026958465576
0.36871835589408875
0.4018552303314209
0.7066991329193115
0.49188289046287537
0.4492647349834442
0.301994264125824
0.37148380279541016
0.5314922332763672
0.6379321813583374
0.5867313742637634
0.23861831426620483
0.5764006972312927
0.4942153990268707
0.4543769359588623
0.38077235221862793
0.647638201713562
0.4831235706806183
0.43174153566360474
0.32166966795921326
0.5291527509689331
0.7699941992759705
0.33312636613845825
0.5784777998924255
0.5327407121658325
0.631347119808197
0.5020189881324768
0.5596179962158203
0.5473976135253906
0.35101673007011414
0.6328078508377075
0.5536431074142456
0.32412049174308777
0.4451425075531006
0.4715488851070404
0.5298508405685425
0.6171103715896606
0.41110867261886597
0.4491157531738281
0.7084130644798279
0.5714014172554016
0.5492048263549805
0.5465798377990723
0.560907244682312
0.47454631328582764
0.468508243560791
0.5429148077964783
0.3494463860988617
0.5210976600646973
0.6191036701202393
0.49454817175865173
0.31996405124664307
0.5332812666893005
0.5920698046684265
0.7088389992713928
0.40857359766960144
0.84745192527771
0.5772227048873901
0.46679261326789856
0.39003708958625793
0.4228568375110626
0.2749999165534973
0.6825002431869507
0.6517353057861328
0.38127318024635315
0.44702383875846863
0.7140705585479736
0.5630378127098083
0.6014804244041443
0.4686806797981262
0.4559297561645508
0.3248050808906555
0.6022050976753235
0.43010663986206055
0.4231318533420563
0.32786887884140015
0.560761570930481
0.6623971462249756
0.4484074115753174
0.5483494400978088
0.4109441041946411
0.592052698135376
0.6215859055519104
0.3704082667827606
0.4143678843975067
0.3983960747718811
0.3568636476993561
0.4001087248325348
0.5893407464027405
0.5977714657783508
0.5498837232589722
0.7280728816986084
0.5526073575019836
0.6248273253440857
0.43769514560699463
0.44741353392601013
0.6331255435943604
0.5722897052764893
0.5254949331283569
0.4540686309337616
0.37555214762687683
0.6320040225982666
0.5545852780342102
0.4658246636390686
0.6963033080101013
0.29772722721099854
0.40797120332717896
0.4598773121833801
0.5992777943611145
0.539545476436615
0.5213892459869385
0.3386201858520508
0.47177568078041077
0.5532706379890442
0.5124147534370422
0.5124133825302124
0.3311789631843567
0.6230382323265076
0.36688321828842163
0.6044825911521912
0.49365806579589844
0.6017192006111145
0.24765965342521667
0.5187672972679138
0.5941429734230042
0.6069709658622742
0.34902215003967285
0.41189247369766235
0.6869524121284485
0.364542156457901
0.4193831980228424
0.4463004767894745
0.47359132766723633
0.42596957087516785
0.5540258288383484
0.6715242862701416
0.5356550216674805
0.6405851244926453
0.5124973654747009
0.4168546199798584
0.25174954533576965
0.4966997802257538
0.5070675015449524
0.4734077453613281
0.5368233919143677
0.4539099335670471
0.44113484025001526
0.4219100773334503
0.6803483963012695
0.4082433581352234
0.6275140047073364
0.562161386013031
0.542835533618927
0.5746400356292725
0.43217751383781433
0.5628279447555542
0.5876676440238953
0.5571697950363159
0.48605725169181824
0.49026137590408325
0.5248913168907166
0.5762587785720825
0.6231133937835693
0.47060704231262207
0.530444324016571
0.6029788851737976
0.4628188908100128
0.35660549998283386
0.2645970582962036
0.567805826663971
0.6937452554702759
0.4134453535079956
0.3441873788833618
0.6036654114723206
0.5751395225524902
0.36084017157554626
0.377751886844635
0.6057597994804382
0.5960291028022766
0.5171559453010559
0.6635850071907043
0.573535144329071
0.27628380060195923
0.6430806517601013
0.6145169734954834
0.6875715255737305
0.5565423369407654
0.47443535923957825
0.6663111448287964
0.6933553814888
0.39822205901145935
0.48837336897850037
0.43278005719184875
0.4472932517528534
0.48621511459350586
0.5658573508262634
0.3082047998905182
0.5281878709793091
0.422179639339447
0.440319299697876
0.613685131072998
0.6135019063949585
0.6370388865470886
0.345836341381073
0.5232423543930054
0.48095035552978516
0.47390079498291016
0.38924935460090637
0.2639729678630829
0.41344913840293884
0.5015371441841125
0.7498044371604919
0.5037957429885864
0.31189319491386414
0.48981210589408875
0.4112088084220886
0.20142783224582672
0.5301161408424377
0.44320037961006165
0.3867202401161194
0.707947313785553
0.40882614254951477
0.46986162662506104
0.585844874382019
0.4859241545200348
0.4718118906021118
0.5456643104553223
0.4522995054721832
0.47631341218948364
0.43702131509780884
0.38458284735679626
0.4318307340145111
0.501661479473114
0.39445990324020386
0.35722875595092773
0.5183663368225098
0.6092402935028076
0.5668215155601501
0.4541463851928711
0.30923908948898315
0.4133566617965698
0.4312770664691925
0.3872644901275635
0.6953626871109009
0.6098366975784302
0.5765191912651062
0.6729062795639038
0.3308229148387909
0.6230010390281677
0.42223814129829407
0.4263203740119934
0.5393338203430176
0.35177579522132874
0.35713857412338257
0.5406423807144165
0.5432426929473877
0.3464488685131073
0.3999992907047272
0.4995807409286499
0.4494289755821228
0.5246424674987793
0.4912395477294922
0.4664996266365051
0.4701060354709625
0.3759305775165558
0.6079674959182739
0.30376413464546204
0.690369725227356
0.5248358249664307
0.5672569274902344
0.5741099715232849
0.4823264181613922
0.5562511086463928
0.3906000554561615
0.5683050155639648
0.3856413662433624
0.5881783366203308
0.5478694438934326
0.5426216125488281
0.5123115181922913
0.22217674553394318
0.46617943048477173
0.36449727416038513
0.42353954911231995
0.5520616173744202
0.48921114206314087
0.5078160166740417
0.4081442654132843
0.3155520260334015
0.4468107223510742
0.4335486888885498
0.616314172744751
0.4817489683628082
0.6378635168075562
0.609616756439209
0.6292146444320679
0.6031382083892822
0.6666489243507385
0.3950828015804291
0.38310590386390686
0.5851078033447266
0.3890123665332794
0.5993635058403015
0.5993102788925171
0.6208884119987488
0.746222198009491
0.33808982372283936
0.5300102233886719
0.5291050672531128
0.556922197341919
0.5587486028671265
0.5228012800216675
0.41979533433914185
0.7064377665519714
0.6558288335800171
0.5213354229927063
0.34425416588783264
0.4713350236415863
0.5108696818351746
0.326074481010437
0.41809600591659546
0.41455724835395813
0.6967138051986694
0.6452854871749878
0.4853386878967285
0.4905056655406952
0.6241649389266968
0.4822508692741394
0.565165102481842
0.5413986444473267
0.521379828453064
0.5354121327400208
0.5811359286308289
0.6114675998687744
0.6196849942207336
0.23582053184509277
0.6288696527481079
0.6008090972900391
0.42789024114608765
0.4114679992198944
0.4916107654571533
0.5259383916854858
0.5969312787055969
0.5794650912284851
0.49332159757614136
0.5004445314407349
0.6402006149291992
0.48915791511535645
0.2567911446094513
0.38815611600875854
0.3128761947154999
0.5410850644111633
0.4149448275566101
0.4805722236633301
0.507044792175293
0.5955429077148438
0.6508995294570923
0.44185709953308105
0.4237113296985626
0.526383638381958
0.49873265624046326
0.4961579442024231
0.7554361820220947
0.5314246416091919
0.48242467641830444
0.5299707055091858
0.3913958668708801
0.4574832320213318
0.48368653655052185
0.25998929142951965
0.5321117043495178
0.42290017008781433
0.5181277990341187
0.6068214178085327
0.6148899793624878
0.4312722086906433
0.6217613816261292
0.4655380845069885
0.36275142431259155
0.4550386965274811
0.7758808732032776
0.6212002635002136
0.45165127515792847
0.5823542475700378
0.6119922399520874
0.4862439036369324
0.38348254561424255
0.42471686005592346
0.48296037316322327
0.28658172488212585
0.401046484708786
0.7106354832649231
0.37759461998939514
0.5637950301170349
0.5998143553733826
0.610724151134491
0.5279046893119812
0.4424460232257843
0.2586860954761505
0.5691478252410889
0.2834489345550537
0.290058434009552
0.4188181161880493
0.4103798270225525
0.5388534665107727
0.6236246228218079
0.5478918552398682
0.4963970184326172
0.4461559057235718
0.6617515087127686
0.4793139100074768
0.4273184537887573
0.49285683035850525
0.5808151960372925
0.3931066393852234
0.3065946698188782
0.4554188549518585
0.6581817269325256
0.35086655616760254
0.46532344818115234
0.39340224862098694
0.396194726228714
0.5645546317100525
0.31555768847465515
0.4481755793094635
0.3770480453968048
0.6532729268074036
0.4926644265651703
0.47311756014823914
0.3770231008529663
0.562771737575531
0.4751927852630615
0.5177743434906006
0.3558138608932495
0.485588014125824
0.5894009470939636
0.5911871194839478
0.5842959880828857
0.552302360534668
0.4664894640445709
0.6207153797149658
0.5607975125312805
0.4009782373905182
0.39070621132850647
0.5111632943153381
0.6058245897293091
0.6777489185333252
0.7267148494720459
0.3903537690639496
0.3975599706172943
0.5286092758178711
0.5489087700843811
0.5201466083526611
0.4775582253932953
0.47729942202568054
0.46239331364631653
0.6821345090866089
0.3181096911430359
0.6348469853401184
0.7747617363929749
0.4126152992248535
0.6181071400642395
0.6424621939659119
0.46684369444847107
0.4370681941509247
0.20472680032253265
0.532156765460968
0.6148609519004822
0.34062767028808594
0.6320176124572754
0.5675318241119385
0.36085522174835205
0.5023061633110046
0.4062269330024719
0.513236939907074
0.6594074964523315
0.398885577917099
0.5019474029541016
0.7856185436248779
0.3538265824317932
0.5480782985687256
0.534835696220398
0.6149346828460693
0.5956801772117615
0.5553363561630249
0.3335544168949127
0.5257776379585266
0.6926075220108032
0.4567817747592926
0.4930703938007355
0.38325583934783936
0.4259274899959564
0.4625376760959625
0.3004184365272522
0.5405170917510986
0.5114060044288635
0.421752005815506
0.5182132720947266
0.49521782994270325
0.3736502528190613
0.48065677285194397
0.46237239241600037
0.4569855034351349
0.3050752580165863
0.6638641357421875
0.6183871030807495
0.6539239287376404
0.4795859158039093
0.5209869742393494
0.3869118094444275
0.38947269320487976
0.6500728726387024
0.5186336040496826
0.4665355682373047
0.6602926850318909
0.45208993554115295
0.3393079340457916
0.6664111018180847
0.5723503828048706
0.7480723261833191
0.5419620871543884
0.5453453660011292
0.3185201585292816
0.5256836414337158
0.6242497563362122
0.6837937235832214
0.6125255823135376
0.3665068745613098
0.4035938084125519
0.36612504720687866
0.25519493222236633
0.6105807423591614
0.49032217264175415
0.3270752727985382
0.5456997156143188
0.42586496472358704
0.393049031496048
0.4328615963459015
0.4328995645046234
0.6403157711029053
0.4208056628704071
0.3436219394207001
0.4971855580806732
0.46622225642204285
0.5602119565010071
0.5258391499519348
0.3582780659198761
0.4013586640357971
0.4782339334487915
0.5250210165977478
0.5853980183601379
0.5282347202301025
0.4526684880256653
0.4155046045780182
0.6410428881645203
0.4265277683734894
0.29207146167755127
0.376956045627594
0.4148990511894226
0.5121363997459412
0.6506254076957703
0.7162593007087708
0.5174452662467957
0.3605646789073944
0.561160147190094
0.45550036430358887
0.4834946393966675
0.32950296998023987
0.523865282535553
0.5392956733703613
0.5626791715621948
0.4646810293197632
0.452058881521225
0.45338869094848633
0.504377007484436
0.3546178936958313
0.4868740141391754
0.44322219491004944
0.37182530760765076
0.419093519449234
0.41109606623649597
0.5822597742080688
0.7668614387512207
0.6782271265983582
0.6691548228263855
0.299216628074646
0.5849735140800476
0.5060772895812988
0.5506343841552734
0.5689252614974976
0.5236104726791382
0.7089024186134338
0.5123821496963501
0.3149973154067993
0.5706304907798767
0.3584165871143341
0.3658333718776703
0.4614471197128296
0.3033122420310974
0.5799151659011841
0.6322806477546692
0.36685407161712646
0.43599334359169006
0.5046728849411011
0.5875758528709412
0.6851270794868469
0.1939908117055893
0.34892672300338745
0.5584597587585449
0.5292671322822571
0.5620231628417969
0.3728773295879364
0.35867682099342346
0.47911348938941956
0.32452088594436646
0.5014112591743469
0.6518954038619995
0.6389745473861694
0.5058218240737915
0.5807929039001465
0.3815019726753235
0.6796680092811584
0.5665327310562134
0.3932831883430481
0.53128981590271
0.5318673253059387
0.4741589426994324
0.5936011672019958
0.5133068561553955
0.5980621576309204
0.5070861577987671
0.3855384290218353
0.41814666986465454
0.3567132353782654
0.4193497598171234
0.6059986352920532
0.5440129041671753
0.5744656920433044
0.5274373888969421
0.6066148281097412
0.5134944915771484
0.3992316722869873
0.5477896332740784
0.7050648927688599
0.42661282420158386
0.4787473678588867
0.38606831431388855
0.5830895304679871
0.35662031173706055
0.48098498582839966
0.6016439199447632
0.5616574287414551
0.44949087500572205
0.4201514720916748
0.5318616628646851
0.5666859149932861
0.32490652799606323
0.5893864035606384
0.25860312581062317
0.4362335801124573
0.35368961095809937
0.5348162055015564
0.34337303042411804
0.492757648229599
0.6075452566146851
0.42223331332206726
0.61967933177948
0.3642183542251587
0.44430071115493774
0.533778190612793
0.36641404032707214
0.6039870381355286
0.47242170572280884
0.5936138033866882
0.7101305723190308
0.4849586486816406
0.47452211380004883
0.48229724168777466
0.3659473657608032
0.4198322296142578
0.47514021396636963
0.5200470089912415
0.4943726062774658
0.5380163788795471
0.62287437915802
0.5273242592811584
0.42136305570602417
0.5451384782791138
0.45235005021095276
0.449600487947464
0.6790452599525452
0.44149285554885864
0.3706906735897064
0.4616723656654358
0.6157231330871582
0.5545978546142578
0.4661887288093567
0.6011943221092224
0.5081990957260132
0.5219364762306213
0.6084590554237366
0.5543010830879211
0.44290873408317566
0.5786768794059753
0.24867002665996552
0.4845018684864044
0.4576356112957001
0.4757988452911377
0.6060295104980469
0.4661595821380615
0.42796972393989563
0.5180357694625854
0.44077515602111816
0.4772339463233948
0.459306925535202
0.5181488394737244
0.2947539985179901
0.4355381429195404
0.39320752024650574
0.5320685505867004
0.5233066082000732
0.5091219544410706
0.6047789454460144
0.48492878675460815
0.5941575169563293
0.5397338271141052
0.5255328416824341
0.4136975407600403
0.3436470031738281
0.6203694939613342
0.49242493510246277
0.6982366442680359
0.32387489080429077
0.6638168692588806
0.387035071849823
0.47537681460380554
0.6720474362373352
0.46584898233413696
0.4717167615890503
0.35437992215156555
0.5197321176528931
0.5732375383377075
0.4715596139431
0.46011966466903687
0.3541845679283142
0.42703771591186523
0.45350804924964905
0.5471682548522949
0.5108879804611206
0.6369593143463135
0.4423517882823944
0.6531738042831421
0.36022886633872986
0.5306625366210938
0.5009751915931702
0.5616195201873779
0.4319245219230652
0.5027792453765869
0.4080805778503418
0.39049530029296875
0.47008129954338074
0.40090814232826233
0.49359190464019775
0.638809323310852
0.582126796245575
0.4428645968437195
0.4723353385925293
0.6101263761520386
0.488025039434433
0.6264024972915649
0.2900550961494446
0.31390252709388733
0.5100528001785278
0.5453892946243286
0.27420493960380554
0.4653362035751343
0.6238054037094116
0.4125669300556183
0.6123576760292053
0.44796687364578247
0.5501563549041748
0.6014423966407776
0.7552884221076965
0.7354137897491455
0.5751038789749146
0.6539343595504761
0.49881771206855774
0.563340961933136
0.6056420207023621
0.3792865574359894
0.5359472632408142
0.5493457317352295
0.553527295589447
0.3117929697036743
0.5292903184890747
0.38036537170410156
0.49910709261894226
0.41768619418144226
0.5767917633056641
0.4525007903575897
0.5204253196716309
0.35664910078048706
0.7367687225341797
0.39936888217926025
0.48956403136253357
0.3315165042877197
0.3739166855812073
0.56224125623703
0.6389998197555542
0.5497276186943054
0.30657827854156494
0.5087704658508301
0.8125874996185303
0.4033362567424774
0.4749818742275238
0.5438419580459595
0.5260180234909058
0.32401761412620544
0.4547103941440582
0.5264215469360352
0.428446501493454
0.7109470367431641
0.5099591612815857
0.32000967860221863
0.538641631603241
0.39769554138183594
0.6487856507301331
0.6198130249977112
0.705930233001709
0.6048670411109924
0.33605021238327026
0.5106532573699951
0.34089991450309753
0.44852083921432495
0.5089338421821594
0.653734028339386
0.48532795906066895
0.4046311676502228
0.36603429913520813
0.40846166014671326
0.5628116726875305
0.36355385184288025
0.6317464709281921
0.4276043474674225
0.2528412342071533
0.5759121775627136
0.616748034954071
0.6298614144325256
0.37928274273872375
0.4592856168746948
0.47842150926589966
0.46505919098854065
0.38918957114219666
0.4636220932006836
0.6596044301986694
0.4858894646167755
0.3004973232746124
0.30131539702415466
0.33356961607933044
0.6502167582511902
0.43335655331611633
0.7151320576667786
0.5125538110733032
0.5423334240913391
0.6704142093658447
0.43984895944595337
0.7230154275894165
0.6582837104797363
0.6003586053848267
0.39370211958885193
0.5867900252342224
0.4946064054965973
0.36720919609069824
0.46193793416023254
0.6928850412368774
0.28671956062316895
0.48302656412124634
0.43504267930984497
0.5230181217193604
0.620549201965332
0.5822362303733826
0.5562528371810913
0.5768241882324219
0.48698413372039795
0.33515235781669617
0.48439541459083557
0.17947658896446228
0.5174295902252197
0.5282777547836304
0.3613547682762146
0.3459358215332031
0.6306928992271423
0.5742856860160828
0.5908405780792236
0.4617052972316742
0.4522153437137604
0.5633242726325989
0.49563196301460266
0.6236478686332703
0.5552023649215698
0.690231442451477
0.4914323091506958
0.6061885356903076
0.5514888763427734
0.5359196066856384
0.41507577896118164
0.2787033021450043
0.41310644149780273
0.6164132952690125
0.48529770970344543
0.6886544823646545
0.4275834858417511
0.4963080585002899
0.2892085313796997
0.46779507398605347
0.547575056552887
0.557829737663269
0.5841526389122009
0.4219852089881897
0.3480586111545563
0.5810583233833313
0.6002781987190247
0.6197115778923035
0.5263334512710571
0.5986617803573608
0.5699130296707153
0.5875685214996338
0.4840691387653351
0.4517969489097595
0.4076043665409088
0.5968065857887268
0.5931252241134644
0.3692708909511566
0.44141292572021484
0.4909261465072632
0.5619999766349792
0.5600824356079102
0.5527552962303162
0.3181544542312622
0.3218386769294739
0.5001606941223145
0.4474116265773773
0.301408588886261
0.5824313759803772
0.5779343843460083
0.3960871696472168
0.37771108746528625
0.3831600844860077
0.5068020224571228
0.397564560174942
0.32249173521995544
0.48133522272109985
0.7029904127120972
0.4691355526447296
0.2957864999771118
0.6280340552330017
0.46612152457237244
0.7492246031761169
0.8335450291633606
0.5959519743919373
0.592133104801178
0.5588763952255249
0.4368007481098175
0.7022497057914734
0.4089837074279785
0.753726601600647
0.5662163496017456
0.3624090552330017
0.35436585545539856
0.5024128556251526
0.5995094180107117
0.5748791098594666
0.5869219899177551
0.45603200793266296
0.5392208695411682
0.6041250824928284
0.4945395290851593
0.6470850706100464
0.7484114170074463
0.44065383076667786
0.5606030821800232
0.5705467462539673
0.48324820399284363
0.5161217451095581
0.4800695776939392
0.5825673341751099
0.5198891758918762
0.5170385241508484
0.6763561367988586
0.5635295510292053
0.4716273546218872
0.557148277759552
0.4452047646045685
0.3555888831615448
0.6435042023658752
0.7452593445777893
0.45087745785713196
0.5293324589729309
0.7216572165489197
0.77052241563797
0.7309769988059998
0.5369638204574585
0.5553746223449707
0.6865212321281433
0.6858581304550171
0.5009973645210266
0.44663694500923157
0.4838218092918396
0.5071729421615601
0.22028331458568573
0.47134488821029663
0.5848347544670105
0.5916674137115479
0.6156349182128906
0.32271289825439453
0.39436644315719604
0.7126181721687317
0.4698466956615448
0.5339402556419373
0.5729884505271912
0.4175790250301361
0.6004875898361206
0.6250742077827454
0.5238587856292725
0.6586756110191345
0.6161877512931824
0.482777863740921
0.49936434626579285
0.28656500577926636
0.4663042724132538
0.4390868842601776
0.6059788465499878
0.5795938372612
0.512641191482544
0.5398486852645874
0.5274049639701843
0.5641559958457947
0.6216576099395752
0.5206336975097656
0.5258958339691162
0.44745776057243347
0.5224909782409668
0.5601794123649597
0.5484963059425354
0.6720547080039978
0.670714259147644
0.4116362929344177
0.43552345037460327
0.4224952757358551
0.5386734008789062
0.4057115316390991
0.5292636752128601
0.3283689320087433
0.2627992331981659
0.477093905210495
0.36242005228996277
0.47314757108688354
0.47849124670028687
0.6410977244377136
0.34064459800720215
0.49410733580589294
0.6096357107162476
0.4593656361103058
0.4263012707233429
0.5896924734115601
0.6236144304275513
0.5759804248809814
0.47425395250320435
0.6544294953346252
0.6519588232040405
0.5125691294670105
0.4927457869052887
0.4452891945838928
0.5440037846565247
0.46359291672706604
0.41927701234817505
0.2924986183643341
0.6844348907470703
0.3921450674533844
0.6206699013710022
0.5016844868659973
0.44932955503463745
0.5574246048927307
0.4145961105823517
0.4800800383090973
0.45516782999038696
0.35749682784080505
0.45315253734588623
0.3168051838874817
0.598813533782959
0.49725231528282166
0.6777088642120361
0.40301671624183655
0.4739268720149994
0.5325467586517334
0.3193555176258087
0.4061165452003479
0.61268150806427
0.5391215085983276
0.43374165892601013
0.4415915310382843
0.41480162739753723
0.3816598951816559
0.4203890860080719
0.30140653252601624
0.48936325311660767
0.5927586555480957
0.5700128078460693
0.48243317008018494
0.3143634498119354
