0.42529940605163574
0.3305545449256897
0.49433568120002747
0.6255872249603271
0.43755042552948
0.5708128213882446
0.5127168297767639
0.4110107123851776
0.4615939259529114
0.6170485019683838
0.42678719758987427
0.45954543352127075
0.6439027786254883
0.5109153985977173
0.5070863366127014
0.3668557107448578
0.5239381790161133
0.43312859535217285
0.6008054614067078
0.5720123648643494
0.5505254864692688
0.29715675115585327
0.4602133333683014
0.5983616709709167
0.6169583797454834
0.6051586866378784
0.5770102143287659
0.5307685136795044
0.5408613681793213
0.4356743395328522
0.47328242659568787
0.4004800021648407
0.5638774633407593
0.4126896560192108
0.4796447157859802
0.5057287812232971
0.39279642701148987
0.4236278831958771
0.659545361995697
0.5632558465003967
0.49625363945961
0.3903130292892456
0.37917381525039673
0.58359295129776
0.6545860767364502
0.5836455821990967
0.44093257188796997
0.4700860381126404
0.5625749230384827
0.6023110747337341
0.569764256477356
0.7202375531196594
0.561464786529541
0.516963541507721
0.7466350197792053
0.4398285746574402
0.3692704439163208
0.35713857412338257
0.5430234670639038
0.4612793028354645
0.45194360613822937
0.5226800441741943
0.4131736755371094
0.49335989356040955
0.6305105686187744
0.5047773122787476
0.4596822261810303
0.501969039440155
0.5405359268188477
0.5178919434547424
0.27377110719680786
0.3751019537448883
0.4136211574077606
0.6380837559700012
0.6288036704063416
0.6191058158874512
0.5039719939231873
0.6259382367134094
0.4120286703109741
0.4666486084461212
0.5991045832633972
0.40924277901649475
0.4453039765357971
0.35558444261550903
0.6629875898361206
0.6333292126655579
0.6076734662055969
0.5160214900970459
0.48571810126304626
0.5136985778808594
0.4533197581768036
0.5695046186447144
0.5701029896736145
0.42618614435195923
0.4783768951892853
0.3404819965362549
0.8289761543273926
0.5733648538589478
0.46445903182029724
0.7161703705787659
0.5173088312149048
0.5502481460571289
0.6833409070968628
0.6304943561553955
0.2969839572906494
0.3232288658618927
0.3543652296066284
0.3955725133419037
0.4147135019302368
0.5727254748344421
0.6708109378814697
0.42715656757354736
0.4937728941440582
0.3360883593559265
0.4081111550331116
0.6584217548370361
0.4453442394733429
0.5427637696266174
0.5598309636116028
0.5479727387428284
0.586135745048523
0.27761200070381165
0.4095616936683655
0.47125616669654846
0.38902464509010315
0.44178223609924316
0.4608057737350464
0.531605064868927
0.3089461624622345
0.3735174238681793
0.46398547291755676
0.42990872263908386
0.602060079574585
0.6117472648620605
0.5316959023475647
0.4811394512653351
0.6650553941726685
0.4373551309108734
0.4662286639213562
0.3624090254306793
0.5967351794242859
0.4882447123527527
0.39178866147994995
0.5045198202133179
0.3186037242412567
0.4610900580883026
0.43519681692123413
0.587357759475708
0.4405626058578491
0.3968251347541809
0.505567729473114
0.38664835691452026
0.27177146077156067
0.6263147592544556
0.40466514229774475
0.5531297922134399
0.4612463116645813
0.5041959881782532
0.5044825077056885
0.7545242309570312
0.3810320794582367
0.511498749256134
0.4321538805961609
0.40904659032821655
0.38813284039497375
0.5480881333351135
0.44768625497817993
0.5379047989845276
0.3886106014251709
0.5566359162330627
0.4409118890762329
0.6070865392684937
0.7996312975883484
0.6846731901168823
0.5425156950950623
0.5288167595863342
0.5878280997276306
0.494241327047348
0.3229202926158905
0.5059617757797241
0.3011566996574402
0.6274855136871338
0.5727967619895935
0.4923512041568756
0.45443764328956604
0.5625191330909729
0.45920172333717346
0.7940167784690857
0.6774092316627502
0.2386518269777298
0.3437022864818573
0.4812803864479065
0.5247066020965576
0.3599247634410858
0.5930092334747314
0.6855331063270569
0.2940269708633423
0.506125807762146
0.625749409198761
0.3597443997859955
0.4916427731513977
0.36726298928260803
0.6177836656570435
0.6277308464050293
0.46155163645744324
0.3441757559776306
0.43091216683387756
0.32759279012680054
0.45244163274765015
0.6736668348312378
0.5771012902259827
0.5980278253555298
0.53520667552948
0.5906074643135071
0.589975118637085
0.43313494324684143
0.6245637536048889
0.558010995388031
0.4517176151275635
0.6008011698722839
0.5272195935249329
0.5759106278419495
0.5768654942512512
0.5195704102516174
0.49095016717910767
0.34571370482444763
0.6030957102775574
0.7410072088241577
0.6068955659866333
0.7276384234428406
0.6145557761192322
0.49083274602890015
0.568604588508606
0.41912463307380676
0.5625583529472351
0.7005031108856201
0.6335092782974243
0.5859130024909973
0.30993470549583435
0.532865047454834
0.5092755556106567
0.4204154908657074
0.6174534559249878
0.4929038882255554
0.640343427658081
0.37979933619499207
0.5516301989555359
0.548662543296814
0.27272436022758484
0.4443246126174927
0.37979114055633545
0.5048483610153198
0.45025745034217834
0.4777868688106537
0.5675957798957825
0.5851680040359497
0.6904056668281555
0.6139469146728516
0.47825297713279724
0.6220149397850037
0.4149688184261322
0.6553914546966553
0.6800116896629333
0.30701854825019836
0.6392537951469421
0.4956204295158386
0.6912785172462463
0.4804883897304535
0.28427934646606445
0.5734073519706726
0.5956938862800598
0.5141408443450928
0.6568803191184998
0.5342656373977661
0.3786575496196747
0.591721773147583
0.657478928565979
0.864062488079071
0.5484277606010437
0.47855842113494873
0.2430144101381302
0.5078530311584473
0.35585886240005493
0.3554537892341614
0.603644847869873
0.5488556027412415
0.4162006080150604
0.3906082808971405
0.6614784598350525
0.6354572772979736
0.5397230386734009
0.4206206500530243
0.44915470480918884
0.5152221322059631
0.4731365442276001
0.5191301703453064
0.5184421539306641
0.4310970604419708
0.5799751877784729
0.5181888937950134
0.536080002784729
0.5457134246826172
0.35518398880958557
0.47297951579093933
0.3407193720340729
0.37071382999420166
0.4308418333530426
0.605591356754303
0.2787112593650818
0.4103674292564392
0.5208263993263245
0.5065040588378906
0.6393438577651978
0.32607340812683105
0.46656930446624756
0.5380115509033203
0.45611700415611267
0.6162246465682983
0.44033730030059814
0.5813616514205933
0.47224196791648865
0.5546064376831055
0.6414849758148193
0.5755190253257751
0.659438967704773
0.5983240008354187
0.6000822186470032
0.34838977456092834
0.46535760164260864
0.33067524433135986
0.37341150641441345
0.5752692222595215
0.6858298182487488
0.5480555295944214
0.5752161145210266
0.5447779893875122
0.3811381459236145
0.37337926030158997
0.7344509363174438
0.6046205163002014
0.4471542239189148
0.6392480731010437
0.5065819621086121
0.44583752751350403
0.5051994919776917
0.7028998732566833
0.5512070059776306
0.5129171013832092
0.42464080452919006
0.5268588066101074
0.26475125551223755
0.5047288537025452
0.5054089426994324
0.5802267789840698
0.6924342513084412
0.4790419042110443
0.5365235805511475
0.6505701541900635
0.679857611656189
0.23256872594356537
0.6294534206390381
0.5500379800796509
0.4670526683330536
0.3169769048690796
0.30062153935432434
0.6436921954154968
0.5468238592147827
0.24608848989009857
0.6549572944641113
0.3529078960418701
0.5450789332389832
0.5341567397117615
0.41621753573417664
0.5119216442108154
0.6773468852043152
0.3897823989391327
0.5246434211730957
0.7005690336227417
0.4794606566429138
0.39973893761634827
0.5243203043937683
0.424853652715683
0.560013473033905
0.4289861023426056
0.5057435631752014
0.7190421223640442
0.32558006048202515
0.47562798857688904
0.46481508016586304
0.5693464875221252
0.47250404953956604
0.5362845063209534
0.5706083178520203
0.43607842922210693
0.5927857160568237
0.6055086851119995
0.5127034187316895
0.4502548277378082
0.4832269251346588
0.37785324454307556
0.6730839014053345
0.41721031069755554
0.7094413042068481
0.4456210434436798
0.35277697443962097
0.7490346431732178
0.6084924936294556
0.5978432893753052
0.43434444069862366
0.5437011122703552
0.4159269630908966
0.44334882497787476
0.36911332607269287
0.5182238221168518
0.43837255239486694
0.45371904969215393
0.5712247490882874
0.5553069710731506
0.5117408037185669
0.4313480854034424
0.6257981657981873
0.5039870738983154
0.47589078545570374
0.3709503412246704
0.4877246916294098
0.46485334634780884
0.3278139531612396
0.6546120047569275
0.3594494163990021
0.39447179436683655
0.4797346591949463
0.6277288794517517
0.48465126752853394
0.6127222180366516
0.5266312956809998
0.5925579071044922
0.7580089569091797
0.48677489161491394
0.5069384574890137
0.6543984413146973
0.4617420732975006
0.542815625667572
0.4863707721233368
0.5891416668891907
0.42073899507522583
0.4590604305267334
0.6056328415870667
0.4922344982624054
0.5629713535308838
0.6116645932197571
0.5754778981208801
0.36151909828186035
0.6110004186630249
0.46594250202178955
0.4752222001552582
0.28480109572410583
0.41873428225517273
0.37988755106925964
0.3463287949562073
0.4211939871311188
0.42356833815574646
0.5034851431846619
0.32781022787094116
0.6619771718978882
0.3699091374874115
0.6062129139900208
0.5151146650314331
0.45321184396743774
0.4912406802177429
0.5221177339553833
0.5340995192527771
0.3867604732513428
0.4077562987804413
0.44005700945854187
0.4281149208545685
0.44455116987228394
0.300855815410614
0.32060009241104126
0.35843130946159363
0.4976564943790436
0.45294100046157837
0.3915475606918335
0.6314758658409119
0.7527502179145813
0.6672030091285706
0.5122541189193726
0.5265836715698242
0.5202516317367554
0.42102548480033875
0.5435771942138672
0.48066067695617676
0.37863653898239136
0.6201509833335876
0.5382665395736694
0.4303841292858124
0.4738604426383972
0.29502493143081665
0.579609215259552
0.4407382905483246
0.40840619802474976
0.6856885552406311
0.5574555397033691
0.4018310308456421
0.4895802140235901
0.48451918363571167
0.569709062576294
0.50914067029953
0.5102658271789551
0.28723475337028503
0.3037066161632538
0.5196564793586731
0.6352486610412598
0.5147594213485718
0.425895094871521
0.5417600274085999
0.7116132974624634
0.5391048789024353
0.5447686314582825
0.6132212281227112
0.44645991921424866
0.3633648753166199
0.29278185963630676
0.48288050293922424
0.6127654910087585
0.5457628965377808
0.5010268688201904
0.5767633318901062
0.5042722821235657
0.4303208291530609
0.6458600163459778
0.5187798738479614
0.7676138281822205
0.35811707377433777
0.47306326031684875
0.34060126543045044
0.6030986905097961
0.4497261345386505
0.6718834042549133
0.6359370946884155
0.42919600009918213
0.3615143299102783
0.3721637427806854
0.35442277789115906
0.6215810775756836
0.5178542733192444
0.2516903281211853
0.3913366198539734
0.7085970044136047
0.42261791229248047
0.33300504088401794
0.39391592144966125
0.48207807540893555
0.5698487758636475
0.32937583327293396
0.4048500657081604
0.618320107460022
0.5350174903869629
0.6026852130889893
0.5327047109603882
0.5222334265708923
0.5427865386009216
0.6301330924034119
0.4689614474773407
0.38020703196525574
0.5813198089599609
0.47902819514274597
0.6452392935752869
0.5113032460212708
0.6288197040557861
0.5179430246353149
0.34992480278015137
0.7274142503738403
0.5202949643135071
0.5826291441917419
0.4435102045536041
0.3269149363040924
0.6030874252319336
0.6440326571464539
0.639802873134613
0.5388057827949524
0.4152582883834839
0.2581925094127655
0.4197201430797577
0.38945114612579346
0.5567528605461121
0.7874017357826233
0.32144588232040405
0.6483518481254578
0.5819001793861389
0.6097775101661682
0.49801233410835266
0.6445057392120361
0.6454461216926575
0.5203002095222473
0.36368799209594727
0.5665750503540039
0.5548819899559021
0.5146485567092896
0.40359097719192505
0.4266573488712311
0.617436408996582
0.7012932896614075
0.6056032776832581
0.6354469656944275
0.47976890206336975
0.4801608622074127
0.6993208527565002
0.5479947924613953
0.778846025466919
0.5547374486923218
0.36218908429145813
0.6574819087982178
0.3177849054336548
0.5815830826759338
0.5085210800170898
0.3257049024105072
0.6300487518310547
0.49634191393852234
0.5402616262435913
0.6273235082626343
0.4865277409553528
0.5823553800582886
0.5554093718528748
0.7050895690917969
0.5058761239051819
0.33517953753471375
0.2987472414970398
0.46063530445098877
0.3692210018634796
0.525481641292572
0.5261085033416748
0.7082974910736084
0.38767310976982117
0.5882534980773926
0.6244969964027405
0.5587767362594604
0.47547489404678345
0.5996317863464355
0.4369618594646454
0.3423229455947876
0.39877691864967346
0.5002813935279846
0.4549528956413269
0.43442168831825256
0.5346258878707886
0.4931287467479706
0.34536686539649963
0.5297370553016663
0.6435332894325256
0.44673392176628113
0.6312633156776428
0.5118439793586731
0.5839330554008484
0.38852164149284363
0.237630233168602
0.3212793469429016
0.49882084131240845
0.2605874240398407
0.3301537334918976
0.6447483897209167
0.5139498710632324
0.5198862552642822
0.6770183444023132
0.4417901933193207
0.6629028916358948
0.4891325533390045
0.450901061296463
0.26460009813308716
0.6662036180496216
0.4974728524684906
0.3923937976360321
0.5891077518463135
0.4239059388637543
0.45305755734443665
0.5458528995513916
0.6195437908172607
0.41300931572914124
0.5056809782981873
0.39866015315055847
0.5037362575531006
0.31386619806289673
0.4320746064186096
0.4250721335411072
0.5623889565467834
0.3137702941894531
0.5413017868995667
0.6893596649169922
0.3565582036972046
0.5188677310943604
0.7087631821632385
0.44606566429138184
0.45485720038414
0.3901659846305847
0.4268890619277954
0.35810962319374084
0.5162565112113953
0.5376406908035278
0.5766499042510986
0.4525122344493866
0.6317442059516907
0.41504180431365967
0.5622234344482422
0.5968188047409058
0.5968172550201416
0.6206119656562805
0.5745826363563538
0.5973690152168274
0.5412847995758057
0.4228992760181427
0.262788861989975
0.47985783219337463
0.5196794867515564
0.45120739936828613
0.5963537096977234
0.45384252071380615
0.5717706084251404
0.44258299469947815
0.6124083399772644
0.568392276763916
0.520954430103302
0.35051295161247253
0.41148677468299866
0.3756861090660095
0.6148960590362549
0.4302440583705902
0.5351354479789734
0.3472520709037781
0.6864026188850403
0.35929641127586365
0.3932435214519501
0.33407244086265564
0.44559985399246216
0.42603379487991333
0.49097660183906555
0.3700582981109619
0.3937744200229645
0.5387921333312988
0.4347202777862549
0.5727952122688293
0.6142494082450867
0.5105591416358948
0.5261210203170776
0.4991797208786011
0.3795781433582306
0.504323422908783
0.34862595796585083
0.35099151730537415
0.5070010423660278
0.2867743670940399
0.39522433280944824
0.41604065895080566
0.5337787866592407
0.7181745767593384
0.4261634051799774
0.287110298871994
0.5207749009132385
0.6327373385429382
0.5286681056022644
0.5834409594535828
0.5545334219932556
0.7058665752410889
0.43100622296333313
0.3145277798175812
0.5057628750801086
0.6544010639190674
0.547337532043457
0.38150468468666077
0.39342421293258667
0.6821641325950623
0.47581467032432556
0.512762188911438
0.5354233384132385
0.6386752128601074
0.5570960640907288
0.3198930621147156
0.5353496074676514
0.5473573803901672
0.46136873960494995
0.5284846425056458
0.3912425637245178
0.5471216440200806
0.5698361396789551
0.5291327238082886
0.5274413228034973
0.6053850650787354
0.5450003743171692
0.53816157579422
0.4988952577114105
0.6010653376579285
0.4735432267189026
0.3031749725341797
0.44669660925865173
0.5580393075942993
0.34311437606811523
0.499161034822464
0.4939311742782593
0.6092866063117981
0.45838236808776855
0.6167521476745605
0.6165649890899658
0.4247746765613556
0.6236199140548706
0.6829223036766052
0.5270802974700928
0.5128089785575867
0.6055513024330139
0.525301992893219
0.6840221881866455
0.6044644117355347
0.24775871634483337
0.37641641497612
0.495822936296463
0.5250582695007324
0.6522166132926941
0.379153847694397
0.42084330320358276
0.42225784063339233
0.4504412114620209
0.302308589220047
0.5162285566329956
0.33508220314979553
0.5437736511230469
0.574604332447052
0.6274377703666687
0.6668421030044556
0.6031758785247803
0.5455686450004578
0.6686455607414246
0.5503794550895691
0.42707231640815735
0.6359781622886658
0.37065187096595764
0.25126299262046814
0.5123266577720642
0.4349654018878937
0.6038983464241028
0.4358179271221161
0.3503480553627014
0.575770914554596
0.46174436807632446
0.65963214635849
0.34564560651779175
0.41474440693855286
0.6745441555976868
0.7109559774398804
0.6288496255874634
0.41477301716804504
0.5443729758262634
0.4319882094860077
0.46255338191986084
0.6088568568229675
0.5459264516830444
0.34795278310775757
0.48953792452812195
0.7195406556129456
0.3624895513057709
0.5763856172561646
0.5051003098487854
0.2981889545917511
0.5295174717903137
0.3784210979938507
0.596633791923523
0.5375005602836609
0.4603787958621979
0.6399319171905518
0.28939980268478394
0.6841699481010437
0.38433215022087097
0.6401644945144653
0.43960610032081604
0.39775416254997253
0.3762311041355133
0.5667782425880432
0.5680425763130188
0.40026867389678955
0.5048949122428894
0.47575077414512634
0.4985027611255646
0.6605569124221802
0.5274879932403564
0.5052350163459778
0.43977245688438416
0.6130457520484924
0.5964522361755371
0.5270808935165405
0.5117326378822327
0.48240166902542114
0.3773562014102936
0.332011878490448
0.4461519122123718
0.4234172999858856
0.4909980893135071
0.5125023126602173
0.2652607262134552
0.3610573709011078
0.5896325707435608
0.2993510365486145
0.5571736097335815
0.6492716670036316
0.7284485697746277
0.5911582112312317
0.5504802465438843
0.41921648383140564
0.4477092921733856
0.5591958165168762
0.6097853779792786
0.5151432156562805
0.4817899465560913
0.6131680011749268
0.2712915539741516
0.561102032661438
0.6631183624267578
0.46773627400398254
0.48312056064605713
0.48815175890922546
0.5228146314620972
0.6408956050872803
0.7465163469314575
0.5259544253349304
0.5745329260826111
0.542969286441803
0.5832406282424927
0.4383290410041809
0.4959240257740021
0.510383665561676
0.5027475953102112
0.29001590609550476
0.5112242102622986
0.3115004897117615
0.5150201916694641
0.38099363446235657
0.3721257448196411
0.45604953169822693
0.5606301426887512
0.5112850069999695
0.38799914717674255
0.6381368637084961
0.44522884488105774
0.7859033942222595
0.43577277660369873
0.37289172410964966
0.5502849221229553
0.39811092615127563
0.4783629775047302
0.4823111593723297
0.626486599445343
0.4455905556678772
0.437860369682312
0.4657191336154938
0.4804884195327759
0.5168299078941345
0.5412333607673645
0.6262085437774658
0.45170730352401733
0.4787946939468384
0.525812566280365
0.6207659840583801
0.3942670226097107
0.5069018006324768
0.3169243335723877
0.4029787480831146
0.5929653644561768
0.5756797790527344
0.4757462441921234
0.5269584655761719
0.4662629961967468
0.529727578163147
0.3847076892852783
0.5247238278388977
0.449897438287735
0.5517614483833313
0.7040426135063171
0.34857413172721863
0.7035579681396484
0.5529519319534302
0.5352560877799988
0.3311607837677002
0.6188347339630127
0.5883150100708008
0.5611535310745239
0.4357689917087555
0.4682394564151764
0.7177879214286804
0.353091299533844
0.5001310110092163
0.4772201180458069
0.6795887351036072
0.46963629126548767
0.6084396243095398
0.4066134989261627
0.45300933718681335
0.5076121687889099
0.31028950214385986
0.37054139375686646
0.57215815782547
0.4539806842803955
0.4147948622703552
0.5156286954879761
0.39249715209007263
0.6432018876075745
0.7107371687889099
0.3371864855289459
0.44002416729927063
0.4129101037979126
0.5004383325576782
0.48965057730674744
0.658234715461731
0.2747179865837097
0.3964144289493561
0.5513806939125061
0.468659371137619
0.35707026720046997
0.5413671135902405
0.3881855309009552
0.6662148237228394
0.5748705863952637
0.7696811556816101
0.3576151132583618
0.5380277633666992
0.6058859825134277
0.5501719117164612
0.41512322425842285
0.43342456221580505
0.3972381055355072
0.7196093201637268
0.5260716676712036
0.5801486968994141
0.4828447997570038
0.4706246852874756
0.48667919635772705
0.382868230342865
0.6369262337684631
0.3299262523651123
0.6679723262786865
0.46601417660713196
0.49666720628738403
0.5561414957046509
0.5053175091743469
0.4659908413887024
0.34671923518180847
0.5842847228050232
0.49379366636276245
0.499781996011734
0.7278271913528442
0.584514319896698
0.34542205929756165
0.2716113030910492
0.5367960333824158
0.45868027210235596
0.36311542987823486
0.6094306111335754
0.6265959143638611
0.45860496163368225
0.5768643021583557
0.6387162804603577
0.6016735434532166
0.60704106092453
0.621753990650177
0.5579254031181335
0.4764804542064667
0.48708030581474304
0.6699749827384949
0.5282062292098999
0.24851727485656738
0.39538365602493286
0.4361625015735626
0.3480953872203827
0.5503858327865601
0.46960562467575073
0.6079055666923523
0.6939597725868225
0.4463862478733063
0.4982874393463135
0.300735741853714
0.7220538258552551
0.3882605731487274
0.5177635550498962
