0.4805523455142975
0.38711196184158325
0.47124171257019043
0.26621362566947937
0.270661324262619
0.3524530529975891
0.45162737369537354
0.43533170223236084
0.38429567217826843
0.42662885785102844
0.39103782176971436
0.4971347153186798
0.41535699367523193
0.45676711201667786
0.37196627259254456
0.4884442687034607
0.39722344279289246
0.4588416516780853
0.45354363322257996
0.339388370513916
0.4220779836177826
0.3677574098110199
0.38903018832206726
0.24429823458194733
0.31969326734542847
0.390726774930954
0.30815646052360535
0.4737245738506317
0.3493524491786957
0.40969914197921753
0.43035075068473816
0.42122510075569153
0.29440557956695557
0.32357126474380493
0.445745050907135
0.47012069821357727
0.48987990617752075
0.4310799837112427
0.43201225996017456
0.31912660598754883
0.49371448159217834
0.46234646439552307
0.3021530210971832
0.4526118040084839
0.3174160420894623
0.47206440567970276
0.48412802815437317
0.4236237406730652
0.39789649844169617
0.44145873188972473
0.29974254965782166
0.4378940165042877
0.37962672114372253
0.4430735111236572
0.4294315576553345
0.472822368144989
0.45443961024284363
0.347858190536499
0.23330163955688477
0.4736497402191162
0.4690970182418823
0.3066881597042084
0.43360838294029236
0.2925044298171997
0.4362914562225342
0.49652230739593506
0.49439918994903564
0.38646045327186584
0.3639819622039795
0.48857706785202026
0.40728768706321716
0.3836858868598938
0.4643833041191101
0.4823302924633026
0.4593863785266876
0.4823296368122101
0.3634600341320038
0.46508142352104187
0.4517916440963745
0.36032333970069885
0.3479560911655426
0.491631418466568
0.39364683628082275
0.407935231924057
0.4604286849498749
0.39605575799942017
0.3527820408344269
0.4746335446834564
0.32585078477859497
0.3778262138366699
0.2900104820728302
0.38983771204948425
0.4978451430797577
0.3736473321914673
0.4790457487106323
0.4088243842124939
0.4707958996295929
0.43564432859420776
0.4696265757083893
0.44288572669029236
0.488483726978302
0.384507417678833
0.41232243180274963
0.2661840319633484
0.30260539054870605
0.4439791440963745
0.4823753833770752
0.25381460785865784
0.38011643290519714
0.4779108166694641
0.4507472813129425
0.362591952085495
0.4148915708065033
0.4309403598308563
0.3954814374446869
0.48513293266296387
0.40481460094451904
0.4337141513824463
0.44640934467315674
0.43416115641593933
0.4210006296634674
0.4300890564918518
0.33061403036117554
0.46177396178245544
0.47211024165153503
0.4982769191265106
0.2730608880519867
0.4443144202232361
0.4880536198616028
0.4579976499080658
0.43167629837989807
0.2902235984802246
0.47253888845443726
0.45714569091796875
0.374096542596817
0.4716625511646271
0.40884846448898315
0.4903023838996887
0.4887528419494629
0.4900202453136444
0.361360639333725
0.39645808935165405
0.43229255080223083
0.40810486674308777
0.2887510061264038
0.38411444425582886
0.4608725905418396
0.37890610098838806
0.38834047317504883
0.48864397406578064
0.4899749755859375
0.28410619497299194
0.4083667993545532
0.4032204747200012
0.3955882787704468
0.36787909269332886
0.47657519578933716
0.46700412034988403
0.3043854534626007
0.39618438482284546
0.4703754484653473
0.47112831473350525
0.4675096869468689
0.4228138327598572
0.32832035422325134
0.3677258789539337
0.3971231281757355
0.40435925126075745
0.4222930073738098
0.3719181418418884
0.493882417678833
0.44927072525024414
0.4991609752178192
0.47970685362815857
0.4677298963069916
0.4834977984428406
0.3855383098125458
0.306647926568985
0.4243227541446686
0.48751091957092285
0.3493351340293884
0.3621695041656494
0.2518894672393799
0.3528209328651428
0.4362611770629883
0.29672878980636597
0.47261643409729004
0.3920973539352417
0.4336269497871399
0.3343854546546936
0.423541396856308
0.4250812530517578
0.4184897541999817
0.48086097836494446
0.4942607283592224
0.4997023642063141
0.3613258898258209
0.4614329934120178
0.34786710143089294
0.3670911490917206
0.4414050579071045
0.46441057324409485
0.4287346303462982
0.48191189765930176
0.42674770951271057
0.3864259719848633
0.34265053272247314
0.4151228368282318
0.2816752791404724
0.4119233787059784
0.28514930605888367
0.3114391267299652
0.47688063979148865
0.4935438334941864
0.42621713876724243
0.4944530725479126
0.4405812919139862
0.3673754930496216
0.45380157232284546
0.31828662753105164
0.46117880940437317
0.45379698276519775
0.46882784366607666
0.4468148946762085
0.3480651080608368
0.47557786107063293
0.4754117727279663
0.3836061656475067
0.30782264471054077
0.4564080238342285
0.36639681458473206
0.3929131031036377
0.4618873596191406
0.4785156548023224
0.2028433084487915
0.4878428280353546
0.49620750546455383
0.4855329096317291
0.4298917353153229
0.41489729285240173
0.34775373339653015
0.39047756791114807
0.4737619459629059
0.43728259205818176
0.4418925344944
0.4937494099140167
0.4606269598007202
0.36053144931793213
0.45782458782196045
0.48966121673583984
0.255704402923584
0.48059800267219543
0.49202078580856323
0.46157538890838623
0.4533630609512329
0.41933873295783997
0.4016333520412445
0.44971486926078796
0.43036481738090515
0.3945387601852417
0.37632444500923157
0.3496810495853424
0.27105140686035156
0.4774455726146698
0.4649057388305664
0.4853563904762268
0.3856002390384674
0.2455323338508606
0.4986645579338074
0.3897092640399933
0.3618418872356415
0.4650335907936096
0.42197471857070923
0.33727532625198364
0.28461164236068726
0.4704381823539734
0.41453850269317627
0.43830329179763794
0.4620441198348999
0.46524009108543396
0.4657438099384308
0.28631603717803955
0.34294000267982483
0.29974564909935
0.4639338254928589
0.37507879734039307
0.4990546703338623
0.4373440146446228
0.3967352509498596
0.44902291893959045
0.46027299761772156
0.45675429701805115
0.38463321328163147
0.43810927867889404
0.48745808005332947
0.41353073716163635
0.35691869258880615
0.4450020492076874
0.3351539969444275
0.40616387128829956
0.4172179400920868
0.41701367497444153
0.4490848183631897
0.43598487973213196
0.32326823472976685
0.3941536247730255
0.4210517704486847
0.4970812201499939
0.41927164793014526
0.3373027741909027
0.3543064296245575
0.4864312708377838
0.4237455427646637
0.49997758865356445
0.46577468514442444
0.27290236949920654
0.4333708882331848
0.3911322057247162
0.43421104550361633
0.37299326062202454
0.4587860405445099
0.4871904253959656
0.485172301530838
0.30902358889579773
0.4445417821407318
0.4390496611595154
0.3410157263278961
0.47910046577453613
0.4315779507160187
0.3339501619338989
0.387477308511734
0.49823319911956787
0.4252186715602875
0.4131182134151459
0.39597177505493164
0.4813680350780487
0.4847900867462158
0.4317544102668762
0.375658243894577
0.48366421461105347
0.27351951599121094
0.42232081294059753
0.31083017587661743
0.3304098844528198
0.47945788502693176
0.45812511444091797
0.3611982762813568
0.3945235013961792
0.48470717668533325
0.35214942693710327
0.3473500907421112
0.412429541349411
0.479218065738678
0.44703710079193115
0.4546622335910797
0.416241854429245
0.4998493194580078
0.4133768677711487
0.47366026043891907
0.38252416253089905
0.3120861053466797
0.4510266184806824
0.4652527868747711
0.48098188638687134
0.4598836302757263
0.3442932367324829
0.3454555869102478
0.46423864364624023
0.4499729573726654
0.31306493282318115
0.3686853349208832
0.3520168364048004
0.2799069285392761
0.3618776798248291
0.38812196254730225
0.45534026622772217
0.23755989968776703
0.498803049325943
0.4688957929611206
0.42183828353881836
0.35974451899528503
0.4905681014060974
0.35037997364997864
0.4767409563064575
0.46653228998184204
0.23381638526916504
0.41257229447364807
0.4619937241077423
0.45393145084381104
0.4608803689479828
0.4515893757343292
0.4832121729850769
0.3385534882545471
0.4816124439239502
0.2985452115535736
0.25039082765579224
0.44235023856163025
0.4914450943470001
0.3817555606365204
0.4898351728916168
0.3189433217048645
0.36029189825057983
0.42832762002944946
0.45076775550842285
0.33951759338378906
0.3376576602458954
0.4144938588142395
0.4049129784107208
0.3672742247581482
0.4912068545818329
0.3773726522922516
0.4527208209037781
0.41358742117881775
0.422899454832077
0.4639071524143219
0.44964835047721863
0.38528957962989807
0.4242129921913147
0.33942827582359314
0.3856947124004364
0.3201187551021576
0.49968206882476807
0.41354215145111084
0.4457959830760956
0.3743957579135895
0.4195641875267029
0.37339749932289124
0.37911224365234375
0.4226776659488678
0.4589468240737915
0.3956095278263092
0.33667081594467163
0.4071703851222992
0.31139424443244934
0.4391888976097107
0.42903533577919006
0.24027033150196075
0.3310452997684479
0.23071561753749847
0.46114832162857056
0.3158002495765686
0.4694960415363312
0.49765744805336
0.40072542428970337
0.47010886669158936
0.2811930477619171
0.4669504463672638
0.32640573382377625
0.42548954486846924
0.23214659094810486
0.3628968596458435
0.44476208090782166
0.2935808598995209
0.4682234227657318
0.3231346607208252
0.4351784586906433
0.33141809701919556
0.4965430498123169
0.42896202206611633
0.3745165765285492
0.3791932463645935
0.4639894664287567
0.49811291694641113
0.3286297917366028
0.4032641649246216
0.4910002052783966
0.4391898214817047
0.38512250781059265
0.33110883831977844
0.45448651909828186
0.3893108069896698
0.21520623564720154
0.4843086898326874
0.4305890202522278
0.4278695583343506
0.25160425901412964
0.4501779079437256
0.41287961602211
0.2905559539794922
0.4822532534599304
0.31844282150268555
0.4308381676673889
0.49641773104667664
0.4225488007068634
0.34401246905326843
0.3910793662071228
0.4386964440345764
0.4576905369758606
0.4435631334781647
0.39775770902633667
0.44761547446250916
0.4894978702068329
0.42491552233695984
0.36778905987739563
0.42326927185058594
0.437155157327652
0.49218693375587463
0.43518173694610596
0.29480013251304626
0.33169686794281006
0.46314042806625366
0.3691496253013611
0.4329112470149994
0.42764049768447876
0.4335862696170807
0.36056795716285706
0.44759175181388855
0.3803475499153137
0.43519553542137146
0.47256311774253845
0.3979893624782562
0.44539397954940796
0.3960568606853485
0.47094619274139404
0.4844416379928589
0.17154502868652344
0.4937167465686798
0.46382132172584534
0.433628648519516
0.4235873818397522
0.45921987295150757
0.35181018710136414
0.3997524380683899
0.43396347761154175
0.45596760511398315
0.49499431252479553
0.4747619032859802
0.4930971562862396
0.3734683096408844
0.4613405466079712
0.3275856375694275
0.45661330223083496
0.3973110616207123
0.3837781846523285
0.46991193294525146
0.32131433486938477
0.4299590289592743
0.47483423352241516
0.45003312826156616
0.481791615486145
0.4895402789115906
0.4928559362888336
0.2575102150440216
0.3969263732433319
0.4305720627307892
0.33874768018722534
0.32570603489875793
0.46691304445266724
0.4932164251804352
0.44008669257164
0.40418165922164917
0.42777878046035767
0.49669793248176575
0.4695626199245453
0.39680153131484985
0.450116366147995
0.3133004903793335
0.3961946666240692
0.4985758066177368
0.39868974685668945
0.38787925243377686
0.49381542205810547
0.4834373891353607
0.3094898462295532
0.4255411922931671
0.481974333524704
0.293260782957077
0.3736956715583801
0.4081003963947296
0.4407978355884552
0.3031756281852722
0.40087905526161194
0.39668428897857666
0.4237786531448364
0.4930442273616791
0.49794521927833557
0.48984405398368835
0.34538692235946655
0.44026613235473633
0.34272587299346924
0.4202851355075836
0.49760109186172485
0.445949912071228
0.43671324849128723
0.46738117933273315
0.4681648313999176
0.4279966652393341
0.3666543960571289
0.3787524402141571
0.39832308888435364
0.40475037693977356
0.49789637327194214
0.2780691683292389
0.411172091960907
0.3937307894229889
0.4017259478569031
0.4674288332462311
0.31487104296684265
0.4738669991493225
0.48797181248664856
0.39691361784935
0.35830047726631165
0.23157620429992676
0.4691513180732727
0.44660404324531555
0.26538023352622986
0.4844387471675873
0.4625132083892822
0.49286162853240967
0.4364049434661865
0.48963093757629395
0.42199376225471497
0.31186792254447937
0.44053056836128235
0.3754984438419342
0.39402690529823303
0.31401437520980835
0.4642452001571655
0.3690417408943176
0.4328746199607849
0.36795273423194885
0.31840386986732483
0.36049601435661316
0.4272753596305847
0.4565611183643341
0.32820942997932434
0.4574953317642212
0.43774428963661194
0.3483472466468811
0.3643687665462494
0.23422455787658691
0.3925982117652893
0.49678218364715576
0.3289961516857147
0.47351446747779846
0.43991348147392273
0.45907121896743774
0.465792179107666
0.4885454475879669
0.41436976194381714
0.4099843204021454
0.4178975522518158
0.44333022832870483
0.3682265877723694
0.491316020488739
0.4292472302913666
0.4821721911430359
0.4440518021583557
0.32824283838272095
0.30382055044174194
0.31623369455337524
0.3266353905200958
0.442401647567749
0.47753390669822693
0.3305518627166748
0.4555057883262634
0.4156224727630615
0.4394506514072418
0.48710009455680847
0.38508349657058716
0.49774932861328125
0.40180855989456177
0.3771522343158722
0.3828548491001129
0.3642871081829071
0.40712809562683105
0.3197454512119293
0.32044318318367004
0.29763680696487427
0.4748861491680145
0.34061288833618164
0.3920890986919403
0.4619671106338501
0.3233112096786499
0.4870215654373169
0.43908339738845825
0.32601436972618103
0.40016549825668335
0.44244399666786194
0.3996281623840332
0.3513262867927551
0.37254494428634644
0.4375942647457123
0.20106400549411774
0.43884342908859253
0.4476207494735718
0.3441409170627594
0.4163118898868561
0.4292452335357666
0.29844146966934204
0.3803838789463043
0.3762940466403961
0.3687933683395386
0.38255250453948975
0.49155694246292114
0.42963945865631104
0.4557071328163147
0.42448341846466064
0.49809181690216064
0.48775291442871094
0.4603933095932007
0.4880966544151306
0.4329536557197571
0.40910881757736206
0.363172709941864
0.4612247049808502
0.43751758337020874
0.4435906708240509
0.3782159984111786
0.4297644793987274
0.4594551622867584
0.4402245879173279
0.2875760495662689
0.4929243326187134
0.3648979663848877
0.4561629593372345
0.40200865268707275
0.37242966890335083
0.4086921811103821
0.3950836956501007
0.4147418141365051
0.3687915503978729
0.3880438804626465
0.4958667457103729
0.49281907081604004
0.49869978427886963
0.4864177703857422
0.4966762959957123
0.3191651403903961
0.2211957722902298
0.3413446247577667
0.3958270251750946
0.45178186893463135
0.3316139280796051
0.38611307740211487
0.43130987882614136
0.44650688767433167
0.4359159767627716
0.45306164026260376
0.4467933177947998
0.48626989126205444
0.4644877314567566
0.4404594302177429
0.41615763306617737
0.3820221722126007
0.3118506669998169
0.44084587693214417
0.4954807460308075
0.42697033286094666
0.3230043649673462
0.464890718460083
0.3871646821498871
0.4507283568382263
0.3651275932788849
0.4367833137512207
0.40969496965408325
0.3320496082305908
0.4743475914001465
0.48736605048179626
0.3486970365047455
0.3101848065853119
0.46783381700515747
0.481996089220047
0.455348938703537
0.46712157130241394
0.481449693441391
0.4369562566280365
0.31527194380760193
0.49462389945983887
0.4743923842906952
0.4291619658470154
0.4457220137119293
0.41246846318244934
0.48854437470436096
0.4202643930912018
0.47968894243240356
0.4753572940826416
0.48176801204681396
0.45822572708129883
0.47351545095443726
0.4542567729949951
0.31272169947624207
0.25733503699302673
0.4016117453575134
0.48637980222702026
0.27353140711784363
0.46894916892051697
0.39593684673309326
0.4429525136947632
0.488183856010437
0.47053012251853943
0.4507215917110443
0.4173257648944855
0.49464625120162964
0.47542956471443176
0.32412609457969666
0.4720762372016907
0.3285369873046875
0.3275616466999054
0.31201380491256714
0.4629746675491333
0.4845660328865051
0.49857810139656067
0.43550512194633484
0.3810809552669525
0.4572308659553528
0.3615570664405823
0.3058822751045227
0.42055708169937134
0.4531169831752777
0.3783106505870819
0.45112472772598267
0.46045488119125366
0.48250147700309753
0.35075944662094116
0.40546274185180664
0.4753153324127197
0.48028764128685
0.462864488363266
0.34638872742652893
0.33185210824012756
0.28303614258766174
0.4317165017127991
0.3208540081977844
0.28936469554901123
0.45319226384162903
0.3918302357196808
0.48819050192832947
0.48576533794403076
0.39304760098457336
0.2685466408729553
0.47968268394470215
0.4727984666824341
0.48299524188041687
0.30221638083457947
0.43117883801460266
0.4000244140625
0.4302712678909302
0.284742146730423
0.48828306794166565
0.36192750930786133
0.46883639693260193
0.42659640312194824
0.49971824884414673
0.4284432828426361
0.4482233226299286
0.43101415038108826
0.2381230592727661
0.31406134366989136
0.41945943236351013
0.4794219136238098
0.49992039799690247
0.3333219587802887
0.48930487036705017
0.32562729716300964
0.37243157625198364
0.4666967988014221
0.48904910683631897
0.38767510652542114
0.43754783272743225
0.4179648458957672
0.3409166932106018
0.3697829842567444
0.4786490201950073
0.3300941288471222
0.43617236614227295
0.46941229701042175
0.4154027998447418
0.23445740342140198
0.46366506814956665
0.41220223903656006
0.4505539834499359
0.41496583819389343
0.41530999541282654
0.48868659138679504
0.4912244975566864
0.4663097560405731
0.32878631353378296
0.486894816160202
0.4360029101371765
0.3749101161956787
0.4830193519592285
0.41340386867523193
0.4570765793323517
0.47135645151138306
0.3799155652523041
0.42044493556022644
0.4233503043651581
0.4426572024822235
0.4547853171825409
0.4397759437561035
0.4927300810813904
0.4179754853248596
0.4192564785480499
0.45182865858078003
0.46252670884132385
0.3556014597415924
0.42486703395843506
0.45820775628089905
0.43997764587402344
0.47526925802230835
0.47698619961738586
0.3851448595523834
0.42327845096588135
0.3747083842754364
0.2750402092933655
0.481080561876297
0.4155285954475403
0.47998958826065063
0.30671215057373047
0.3880580961704254
0.45887500047683716
0.44746312499046326
0.4040755331516266
0.4906112849712372
0.45955169200897217
0.4481219947338104
0.3539985716342926
0.36661791801452637
0.37846365571022034
0.4076813757419586
0.3944358229637146
0.46156832575798035
0.4347440302371979
0.3693852126598358
0.45974984765052795
0.29397493600845337
0.47769707441329956
0.35212594270706177
0.25487202405929565
0.32460686564445496
0.4238056540489197
0.3810941278934479
0.47262585163116455
0.4898662865161896
0.4727872908115387
0.3351490795612335
0.46891355514526367
0.34251856803894043
0.4390619993209839
0.4449334144592285
0.399679571390152
0.4880908727645874
0.40009498596191406
0.4153127372264862
0.4080219566822052
0.4095512330532074
0.26738667488098145
0.39542797207832336
0.3380208909511566
0.4178891181945801
0.4568741023540497
0.49927595257759094
0.3376621603965759
0.3333955705165863
0.34590858221054077
0.4159713089466095
0.4908495247364044
0.39710450172424316
0.4774348735809326
0.45852234959602356
0.4487033188343048
0.4949233829975128
0.39421501755714417
0.4782712459564209
0.49840694665908813
0.4092763662338257
0.41682353615760803
0.48174363374710083
0.4966728687286377
0.4118047058582306
0.4894263744354248
0.4198046028614044
0.3085464835166931
0.34306806325912476
0.36608776450157166
0.49168717861175537
0.39143839478492737
0.4508475363254547
0.34055832028388977
0.4913381040096283
0.3303951025009155
0.3953826427459717
0.46896207332611084
0.47779348492622375
0.42511069774627686
0.41591876745224
0.47115808725357056
0.4739213287830353
0.40453386306762695
0.37881743907928467
0.40106236934661865
0.4002344012260437
0.37630295753479004
0.3893800675868988
0.3608394265174866
0.4894891679286957
0.3642696440219879
0.46720239520072937
0.4967387020587921
0.34288814663887024
0.4506160318851471
0.3909544348716736
0.42857953906059265
0.40121832489967346
0.35682690143585205
0.4859718978404999
0.39203932881355286
0.46026411652565
0.4983719289302826
0.19331957399845123
0.4999733567237854
0.3615034520626068
0.27981722354888916
0.4456798732280731
0.42091473937034607
0.42740070819854736
0.3249369263648987
0.4646945595741272
0.4186604619026184
0.3809596300125122
0.43184974789619446
0.4753865599632263
0.34181180596351624
0.4196000099182129
0.4403856694698334
0.4786415696144104
0.3993331491947174
0.44616982340812683
0.4709693491458893
0.4645310044288635
0.40933486819267273
0.2567964196205139
0.4918270409107208
0.48878470063209534
0.39547842741012573
0.44321292638778687
0.4955979585647583
0.4071723520755768
0.4906073212623596
0.4251502752304077
0.49207550287246704
0.37738630175590515
0.25080937147140503
0.33762267231941223
0.3698217570781708
0.34506648778915405
0.4985111951828003
0.3098050653934479
0.39990726113319397
0.46897268295288086
0.448069304227829
0.4944084882736206
0.45703092217445374
0.37107446789741516
0.3434608280658722
0.3857986032962799
0.4211191236972809
0.3459094762802124
0.47397491335868835
0.47634583711624146
0.3067916929721832
0.36793258786201477
0.3714951276779175
0.39677760004997253
0.34829002618789673
0.3854552209377289
0.4241560101509094
0.44359833002090454
0.44782739877700806
0.3727048337459564
0.4111017882823944
0.3560049831867218
0.39523839950561523
0.44882503151893616
0.389626145362854
0.21346959471702576
0.3948545455932617
0.47878938913345337
0.4907039701938629
0.38880684971809387
0.4020162522792816
0.4462991952896118
0.4719676673412323
0.3612721264362335
0.42507123947143555
0.469081848859787
0.4224085807800293
0.45549148321151733
0.41978347301483154
0.431199312210083
0.4366537630558014
0.4623488485813141
0.40367746353149414
0.3380884826183319
0.4388030171394348
0.40969496965408325
0.4074126183986664
0.4595438838005066
0.42224374413490295
0.40271931886672974
0.3429088294506073
0.37195390462875366
0.4604487419128418
0.4041793644428253
0.4672962427139282
0.38710638880729675
0.4532293975353241
0.4283463954925537
0.49374455213546753
0.47648364305496216
0.4522610306739807
0.3859826624393463
0.4290081858634949
0.38836732506752014
0.4998226761817932
0.49342110753059387
0.2577390670776367
0.3971090614795685
0.4684933125972748
0.4244745969772339
0.42302975058555603
0.49039381742477417
0.30620595812797546
0.3567880392074585
0.3588149845600128
0.2547629475593567
0.4272431433200836
0.3766465485095978
0.3892371654510498
0.31521984934806824
0.44537025690078735
0.4674440026283264
0.30621135234832764
0.4936695694923401
0.4865506887435913
0.4167129397392273
0.3548327088356018
0.41467344760894775
0.32522132992744446
0.4035344123840332
0.4389647841453552
0.48144233226776123
0.4886384904384613
0.4107324779033661
0.4330935776233673
0.42170602083206177
0.48946431279182434
0.47961002588272095
0.4255349040031433
0.3428133428096771
0.380504846572876
0.3381649851799011
0.3467371165752411
0.4583587348461151
0.46824365854263306
0.4838866889476776
0.41981226205825806
0.43888965249061584
0.485097736120224
0.4456310272216797
0.44356241822242737
0.31422507762908936
0.4670741856098175
0.4187031090259552
0.46362432837486267
0.42249614000320435
0.49452537298202515
0.47389277815818787
0.496741384267807
0.2143707275390625
0.4578806757926941
0.2244381308555603
0.46316811442375183
0.3937964141368866
0.45334720611572266
0.32023921608924866
0.49830785393714905
0.4818136394023895
0.496101051568985
0.4540700912475586
0.2791537642478943
0.4793573319911957
0.39678582549095154
0.43279004096984863
0.40984249114990234
0.4104352295398712
0.4565417766571045
0.29717758297920227
0.43707314133644104
0.33585408329963684
0.4290678799152374
0.42916110157966614
0.2938435971736908
0.49627387523651123
0.44310063123703003
0.3627418577671051
0.4701409637928009
0.2574969232082367
0.41392290592193604
0.4149942398071289
0.31746694445610046
0.38101691007614136
0.4554501473903656
0.3637312948703766
0.44584473967552185
0.4967728555202484
0.4527741074562073
0.40806347131729126
0.43162867426872253
0.3033113479614258
0.4924549460411072
0.4643917679786682
0.4691992402076721
0.42810896039009094
0.4551444351673126
0.4372973144054413
0.40550827980041504
0.3887767791748047
0.46668821573257446
0.37253516912460327
0.46558937430381775
0.2869037687778473
0.3441254496574402
0.3925646245479584
0.3666222393512726
0.4486994743347168
0.32114899158477783
0.3823031187057495
0.4683345854282379
0.3745151162147522
0.3540508449077606
0.361721009016037
0.33242523670196533
0.36578431725502014
0.4913407266139984
0.3469640910625458
0.4455801844596863
0.4847419857978821
0.35975322127342224
0.4825952649116516
0.3570259213447571
0.47664782404899597
0.37744468450546265
0.2922876477241516
0.468212753534317
0.305233895778656
0.4899771213531494
0.3387501835823059
0.3898344933986664
0.2776736915111542
0.445463627576828
0.3279562294483185
0.37968748807907104
0.43329259753227234
0.48396036028862
0.4736112654209137
0.4752333164215088
0.3391733467578888
0.44840261340141296
0.341478168964386
0.48490920662879944
0.47680413722991943
0.4347323179244995
0.3633987605571747
0.4808027744293213
0.41955143213272095
0.3924727737903595
0.34896016120910645
0.41679346561431885
0.486921489238739
0.3833479583263397
0.3853813111782074
0.4172131419181824
0.39433157444000244
0.48995572328567505
0.38043513894081116
0.3260442018508911
0.42106691002845764
0.43740424513816833
0.42274001240730286
0.4637685716152191
0.4955699145793915
0.47952908277511597
0.4115390181541443
0.34168532490730286
0.4640865921974182
0.4275956451892853
0.4460795223712921
0.28882962465286255
0.3021434545516968
0.35343971848487854
0.4475697875022888
0.3116101622581482
0.34631481766700745
0.4325202703475952
0.3807748258113861
0.462232768535614
0.31515052914619446
0.49469244480133057
0.4265604317188263
0.4646254777908325
0.3171515464782715
0.49715501070022583
0.36625030636787415
0.4918178915977478
0.4644433259963989
0.4268798232078552
0.47260454297065735
0.47371432185173035
0.3101485073566437
0.4529929757118225
0.4618172347545624
0.3997991383075714
0.4612084925174713
0.4400211274623871
0.3052816390991211
0.417773574590683
0.40227869153022766
0.47613275051116943
0.44005241990089417
0.46703845262527466
0.3986164331436157
0.39618411660194397
0.37959831953048706
0.38072603940963745
0.4663102328777313
0.3808521330356598
0.4511261284351349
0.3261081278324127
0.3960694372653961
0.49907711148262024
0.4896605312824249
0.28089895844459534
0.42402735352516174
0.3532789349555969
0.46718674898147583
0.4769965410232544
0.3806224763393402
0.48237383365631104
0.49596819281578064
0.4980658292770386
0.4730307459831238
0.42752283811569214
0.3542543053627014
0.42868757247924805
0.3847825229167938
0.43007948994636536
0.4899558126926422
0.4388907551765442
0.44629383087158203
0.4910859763622284
0.48801031708717346
0.4706832468509674
0.2951677739620209
0.4660683274269104
0.370635062456131
0.409889817237854
0.42041757702827454
0.4005286693572998
0.4616799056529999
0.33751752972602844
0.4968067407608032
0.4428325593471527
0.4256560504436493
0.460755318403244
0.4626840353012085
0.39908847212791443
0.45860111713409424
0.30954331159591675
0.36063966155052185
0.4168460965156555
0.39302024245262146
0.47387856245040894
0.3093501925468445
0.42912769317626953
0.4933794438838959
0.3850734829902649
0.35041680932044983
0.4986771047115326
0.49827060103416443
0.4787139892578125
0.39064085483551025
0.4347446858882904
0.4108867049217224
0.39240407943725586
0.358205109834671
0.24856293201446533
0.44430238008499146
0.42362138628959656
0.4945222735404968
0.3802884519100189
0.30090221762657166
0.49381303787231445
0.4825437664985657
0.39860787987709045
0.39666733145713806
0.37183836102485657
0.43275439739227295
0.49676716327667236
0.4363856613636017
0.4861733019351959
0.4456945061683655
0.43371522426605225
0.17514491081237793
0.4182366728782654
0.4791219234466553
0.4974724352359772
0.39408332109451294
0.37145596742630005
0.49709388613700867
0.48918643593788147
0.3237224817276001
0.3423784077167511
0.41793638467788696
0.4402349889278412
0.3191010057926178
0.3579567074775696
0.4372030198574066
0.39009609818458557
0.4664415717124939
0.44078248739242554
0.49966734647750854
0.4423069655895233
0.36077603697776794
0.3716217279434204
0.4512994587421417
0.38477322459220886
0.3324602544307709
0.370629221200943
0.49982666969299316
0.44168978929519653
0.37033116817474365
0.4643048346042633
0.47429022192955017
0.32958999276161194
0.4309072196483612
0.44723960757255554
0.2773149609565735
0.3757733404636383
0.31618377566337585
0.43667614459991455
0.3403991162776947
0.45435643196105957
0.3867782950401306
0.42304807901382446
0.27583128213882446
0.3981899619102478
0.4185369312763214
0.4867606461048126
0.3950386047363281
0.40428948402404785
0.4788662791252136
0.3910898268222809
0.28242385387420654
0.46581757068634033
0.2991441488265991
0.24830058217048645
0.4931442439556122
0.30451640486717224
0.43502020835876465
0.42364758253097534
0.3252486288547516
0.4247340261936188
0.4538824260234833
0.40949326753616333
0.40257394313812256
0.38767483830451965
0.41212865710258484
0.39388707280158997
0.44801974296569824
0.3753620386123657
0.3936217129230499
0.39621564745903015
0.32366788387298584
0.42721542716026306
0.47493958473205566
0.47971442341804504
0.21815750002861023
0.40240994095802307
0.4965907633304596
0.30865156650543213
0.32391390204429626
0.34007933735847473
0.4882441759109497
0.4866292178630829
0.45431217551231384
0.4134867191314697
0.445193886756897
0.4031703472137451
0.4184655547142029
0.47378864884376526
0.41014161705970764
0.46404388546943665
0.35566678643226624
0.40934377908706665
0.45496803522109985
0.49393582344055176
0.3399065136909485
0.380052775144577
0.39054641127586365
0.352317750453949
0.39630231261253357
0.3864307105541229
0.4570242464542389
0.36562076210975647
0.3640531599521637
0.49712657928466797
0.42547982931137085
0.45023438334465027
0.46816760301589966
0.47056102752685547
0.40235212445259094
0.4913575351238251
0.4901530146598816
0.4098891615867615
0.44052499532699585
0.3510451912879944
0.4966133236885071
0.45198050141334534
0.457644522190094
0.465817391872406
0.3760019540786743
0.3183314800262451
0.31720590591430664
0.4193159341812134
0.4051470160484314
0.45672258734703064
0.2770650088787079
0.49854353070259094
0.46397843956947327
0.3297189772129059
0.4400295913219452
0.4141179621219635
0.4144818186759949
0.3732376992702484
0.45778876543045044
0.4607210159301758
0.4016723930835724
0.29702067375183105
0.4515610635280609
0.4894300401210785
0.41035500168800354
0.4476480185985565
0.47875699400901794
0.2974061965942383
0.39708441495895386
0.45446979999542236
0.3821227550506592
0.4810618460178375
0.33199453353881836
0.47012677788734436
0.48809635639190674
0.4617541432380676
0.40597009658813477
0.4713077247142792
0.3229468762874603
0.42651113867759705
0.43799880146980286
0.29778701066970825
0.34701716899871826
0.3665318787097931
0.35589903593063354
0.3666929602622986
0.49734050035476685
0.3269052803516388
0.48346561193466187
0.3853939473628998
0.3745306730270386
0.2884369492530823
0.2980552911758423
0.42600658535957336
0.2545991539955139
0.41077765822410583
0.38921958208084106
0.4505808353424072
0.4113120436668396
0.49721264839172363
0.32369840145111084
0.4285312592983246
0.3957799971103668
0.4862196743488312
0.3396167755126953
0.49916714429855347
0.4072776436805725
0.4943859577178955
0.29937943816185
0.46785494685173035
0.4682501554489136
0.42823663353919983
0.4178779125213623
0.32172542810440063
0.41670355200767517
0.4324595034122467
0.4163161516189575
0.3489725589752197
0.31697317957878113
0.4509517252445221
0.43621063232421875
0.3749738037586212
0.3123314082622528
0.3809700310230255
0.48354706168174744
0.40233924984931946
0.44935038685798645
0.4034370183944702
0.34061020612716675
0.2985197901725769
0.4042210876941681
0.4909021556377411
0.471847802400589
0.46015769243240356
0.46114543080329895
0.42176613211631775
0.47629764676094055
0.4627741575241089
0.3033047914505005
0.42430222034454346
0.45761021971702576
0.21662819385528564
0.46939516067504883
0.3647086024284363
0.445997416973114
0.39200571179389954
0.4997377395629883
0.40516361594200134
0.33553317189216614
0.3794805705547333
0.30340826511383057
0.49364447593688965
0.46115589141845703
0.3552515208721161
0.35124990344047546
0.315756231546402
0.4492108225822449
0.3410290777683258
0.3190425932407379
0.2707021236419678
0.31098464131355286
0.4376457929611206
0.33814653754234314
0.38615158200263977
0.4927440881729126
0.45969706773757935
0.46900075674057007
0.4690718352794647
0.41434603929519653
0.39729413390159607
0.48892971873283386
0.45234179496765137
0.2785894274711609
0.48088696599006653
0.47071680426597595
0.43365830183029175
0.4386195242404938
0.3620349168777466
0.4145778715610504
0.47875267267227173
0.334511935710907
0.38144588470458984
0.3521975874900818
0.345995157957077
0.3882637321949005
0.32307037711143494
0.4535081386566162
0.33882513642311096
0.44794148206710815
0.47826793789863586
0.49515050649642944
0.45001429319381714
0.3611546456813812
0.29090845584869385
0.3190103769302368
0.4778769314289093
0.47032544016838074
0.4646436870098114
0.35160523653030396
0.3847261071205139
0.31107673048973083
0.3383764326572418
0.47187870740890503
0.40023091435432434
0.20859049260616302
0.46529683470726013
0.4346006512641907
0.3718124032020569
0.3922291100025177
0.3287656307220459
0.39911994338035583
0.46930548548698425
0.44968920946121216
0.49773138761520386
0.46833595633506775
0.387485146522522
0.475068598985672
0.48958301544189453
0.4786638021469116
0.3270723223686218
0.3711722493171692
0.41097527742385864
0.37297171354293823
0.2902536988258362
0.4622936546802521
0.4886672794818878
0.34788602590560913
0.1952252835035324
0.4217487573623657
0.4338430166244507
0.3367142975330353
0.4206189811229706
0.28429287672042847
0.49320563673973083
0.494688481092453
0.3944089412689209
0.43935561180114746
0.38164183497428894
0.37117472290992737
0.4409705400466919
0.49217283725738525
0.49678122997283936
0.3203907608985901
0.416236937046051
0.46983006596565247
0.4073694348335266
0.3209562599658966
0.36711248755455017
0.35270893573760986
0.3396836519241333
0.4242458641529083
0.4696776270866394
0.4880012273788452
0.3730371594429016
0.31298354268074036
0.49262505769729614
0.48970672488212585
0.44279175996780396
0.47252941131591797
0.45746341347694397
0.37961676716804504
0.35896244645118713
0.4116777181625366
0.4966834783554077
0.23529808223247528
0.38934046030044556
0.2924829423427582
0.4689156413078308
0.38043802976608276
0.4308245778083801
0.3353877663612366
0.32804474234580994
0.33833181858062744
0.32057079672813416
0.3329109847545624
0.3628826141357422
0.3164060711860657
0.496207058429718
0.4955385625362396
0.36085811257362366
0.3873574137687683
0.4317021369934082
0.3769858777523041
0.4031374156475067
0.4481135308742523
0.42962872982025146
0.4394048750400543
0.31277868151664734
0.3734261095523834
0.40826529264450073
0.38693615794181824
0.4483712911605835
0.47364503145217896
0.429386705160141
0.3117675185203552
0.498005211353302
0.29610779881477356
0.3464709520339966
0.4437046945095062
0.42844313383102417
0.2805804908275604
0.4436986446380615
0.48044639825820923
0.4589603841304779
0.2558431923389435
0.4755726158618927
0.4186597168445587
0.4252009093761444
0.4823257029056549
0.4307278096675873
0.41319891810417175
0.3056267201900482
0.29826369881629944
0.39493346214294434
0.32435694336891174
0.4561194181442261
0.4961682856082916
0.3910747468471527
0.47706401348114014
0.4877990782260895
0.4125843048095703
0.258215993642807
0.40252169966697693
0.3006269931793213
0.40089723467826843
0.42947179079055786
0.4961921274662018
0.2904456853866577
0.3461844027042389
0.35201725363731384
0.46276941895484924
0.4694194793701172
0.3503578007221222
0.49932897090911865
0.3488631844520569
0.43038690090179443
0.31262707710266113
0.4325912892818451
0.49414482712745667
0.26924559473991394
0.40667080879211426
0.33123424649238586
0.47258326411247253
0.48835498094558716
0.44395098090171814
0.32712769508361816
0.3723456859588623
0.3112955391407013
0.4662022590637207
0.394478440284729
0.43634894490242004
0.4347003996372223
0.4063343405723572
0.488288551568985
0.4541694223880768
0.39130502939224243
0.36902686953544617
0.40945544838905334
0.45740753412246704
0.39285650849342346
0.3853120505809784
0.41265857219696045
0.4396025240421295
0.32372257113456726
0.4710162580013275
0.34882017970085144
0.3921746015548706
0.43339455127716064
0.4542066156864166
0.3948259949684143
0.4684169888496399
0.3602374494075775
0.49557703733444214
0.30505257844924927
0.3768322169780731
0.4601742923259735
0.30023765563964844
0.4108723998069763
0.3451261818408966
0.274756520986557
0.47931790351867676
0.4726019501686096
0.32629311084747314
0.4603334963321686
0.393159955739975
0.3869081735610962
0.4716768264770508
0.4730224013328552
0.37751272320747375
0.4533998966217041
0.2549494206905365
0.49581843614578247
0.3092917501926422
0.4044572412967682
0.21336151659488678
0.39518973231315613
0.42274755239486694
0.46287617087364197
0.4362049996852875
0.45231446623802185
0.43428048491477966
0.22007803618907928
0.4939441978931427
0.36087390780448914
0.4746274948120117
0.387227863073349
0.218888059258461
0.3597153127193451
0.2718801498413086
0.44229719042778015
0.43005943298339844
0.499894380569458
0.3740808367729187
0.413598895072937
0.49873805046081543
0.46201273798942566
0.44256263971328735
0.4680509567260742
0.4850447177886963
0.3938666880130768
0.24999137222766876
0.4885748326778412
0.4212324917316437
0.44919511675834656
0.36253517866134644
0.4491601884365082
0.485515832901001
0.36607736349105835
0.4773814380168915
0.4022694230079651
0.35717499256134033
0.4053429067134857
0.394613116979599
0.42024633288383484
0.4717826843261719
0.3642041087150574
0.481436550617218
0.4412769377231598
0.3602944314479828
0.28419625759124756
0.478922575712204
0.42179638147354126
0.343384325504303
0.3709554672241211
0.4733896255493164
0.37896528840065
0.4596529006958008
0.4165458679199219
0.47975072264671326
0.2973000407218933
0.3242880702018738
0.4167877435684204
0.4167799651622772
0.38071000576019287
0.31517529487609863
0.2724513113498688
0.36537137627601624
0.3976163864135742
0.43865787982940674
0.36826834082603455
0.4463351368904114
0.3273589313030243
0.26189059019088745
0.4859345555305481
0.4046283960342407
0.39106112718582153
0.4984918534755707
0.36819106340408325
0.43252068758010864
0.4313811659812927
0.44236859679222107
0.415841281414032
0.36327677965164185
0.3935663402080536
0.4851539134979248
0.3630236089229584
0.37546151876449585
0.3129229247570038
0.39727863669395447
0.45076557993888855
0.23199062049388885
0.3499433994293213
0.436820924282074
0.46629777550697327
0.40349963307380676
0.33985140919685364
0.38103124499320984
0.2593941390514374
0.3873254358768463
0.30554482340812683
0.47959253191947937
0.3199020326137543
0.49644169211387634
0.4226054549217224
0.45115628838539124
0.4450888931751251
0.35423919558525085
0.4128232002258301
0.45429888367652893
0.38801077008247375
0.416035920381546
0.45558473467826843
0.3775596618652344
0.36943334341049194
0.4054240882396698
0.3788265287876129
0.43984565138816833
0.3960656225681305
0.38405847549438477
0.4316171407699585
0.409336119890213
0.2830725312232971
0.4995025098323822
0.4357425570487976
0.4115309715270996
0.20444753766059875
0.3732716143131256
0.2931332290172577
0.40953344106674194
0.40009987354278564
0.4238441288471222
0.46844783425331116
0.41107600927352905
0.4933529794216156
0.3122243583202362
0.3018132746219635
0.3132559061050415
0.39102914929389954
0.35412687063217163
0.440298467874527
0.39964452385902405
0.4539255201816559
0.43952476978302
0.39989835023880005
0.47569161653518677
0.46104615926742554
0.46919333934783936
0.47626596689224243
0.4582832455635071
0.4500221908092499
0.2644607424736023
0.30530792474746704
0.44944772124290466
0.3826066553592682
0.41267889738082886
0.419981449842453
0.3622131049633026
0.33149632811546326
0.4759862422943115
0.4461612403392792
0.3506072461605072
0.3669992685317993
0.47140491008758545
0.4294642508029938
0.4402655363082886
0.45957329869270325
0.42330148816108704
0.31593644618988037
0.463158518075943
0.477017343044281
0.4526577591896057
0.46223923563957214
0.4177883267402649
0.40694862604141235
0.3826347589492798
0.4549696743488312
0.35852280259132385
0.3177856206893921
0.49914175271987915
0.34529709815979004
0.26281243562698364
0.4884274899959564
0.48465919494628906
0.3449913263320923
0.3057541251182556
0.4820287227630615
0.4404055178165436
0.32356467843055725
0.4432651996612549
0.4353923201560974
0.3931933045387268
0.4116092026233673
0.4103533923625946
0.26747533679008484
0.32040563225746155
0.4381963610649109
0.3552229702472687
0.3329671025276184
0.440795361995697
0.43655624985694885
0.4684167504310608
0.4121064245700836
0.36339887976646423
0.2856793999671936
0.48217126727104187
0.4509050250053406
0.3586619198322296
0.46457090973854065
0.46511778235435486
0.4576142430305481
0.3372822701931
0.380595326423645
0.4871821105480194
0.4226182997226715
0.4042421579360962
0.4945564568042755
0.4683266282081604
0.4729979634284973
