0.5790483355522156
0.5925506949424744
0.5480709671974182
0.5344128012657166
0.5900229215621948
0.5976454019546509
0.5709015727043152
0.6603122353553772
0.7049805521965027
0.5481675267219543
0.5114647746086121
0.5073775053024292
0.5273571014404297
0.6614119410514832
0.530788004398346
0.5748221278190613
0.5434122681617737
0.7198512554168701
0.6053774952888489
0.5173872709274292
0.6337170600891113
0.5439702272415161
0.6307185888290405
0.5031394362449646
0.6159146428108215
0.7156587839126587
0.5519407391548157
0.5227835774421692
0.6913531422615051
0.5451834201812744
0.6153882145881653
0.6041430830955505
0.5832096338272095
0.6760357022285461
0.5474496483802795
0.558478593826294
0.8398532271385193
0.6541375517845154
0.5429010391235352
0.7284075617790222
0.6436244249343872
0.7932974696159363
0.7038780450820923
0.6455317735671997
0.5386383533477783
0.6245651245117188
0.6466928124427795
0.5018571615219116
0.572063148021698
0.7502089142799377
0.6087131500244141
0.6047797799110413
0.5153878927230835
0.6050587892532349
0.5174636244773865
0.5935027599334717
0.55643230676651
0.6957747340202332
0.5282221436500549
0.6014934182167053
0.514987587928772
0.6352767944335938
0.7002849578857422
0.6396697759628296
0.558031439781189
0.5625145435333252
0.5726146101951599
0.5205668210983276
0.5217217206954956
0.5234491229057312
0.5231509208679199
0.7306471467018127
0.7213868498802185
0.5706179141998291
0.7159094214439392
0.5133647322654724
0.6332640647888184
0.6369300484657288
0.524553120136261
0.7502703666687012
0.5704525113105774
0.7950085401535034
0.568544328212738
0.5271704196929932
0.6411774754524231
0.5912432074546814
0.5865641236305237
0.6768199801445007
0.7306084632873535
0.5916218757629395
0.637974202632904
0.558935821056366
0.6566411256790161
0.5213616490364075
0.7029953002929688
0.5068092942237854
0.6879971027374268
0.5671141147613525
0.5494311451911926
0.5700539946556091
0.5334677696228027
0.6765927076339722
0.5658922791481018
0.6200984120368958
0.5055747628211975
0.73127681016922
0.5907444357872009
0.5382674336433411
0.6968485116958618
0.5277242660522461
0.5751884579658508
0.6393610835075378
0.5493128299713135
0.6804177165031433
0.5973697900772095
0.5719463229179382
0.5470606088638306
0.6447651982307434
0.531117856502533
0.636284589767456
0.5628331899642944
0.5801832675933838
0.5125725269317627
0.5678967833518982
0.6668104529380798
0.6137539744377136
0.7469927668571472
0.511367917060852
0.6338750123977661
0.5541073083877563
0.6572599411010742
0.5437218546867371
0.5514430403709412
0.5680602192878723
0.6185745000839233
0.5700631737709045
0.5573461651802063
0.6472136974334717
0.5383479595184326
0.7755997776985168
0.7643579244613647
0.545932948589325
0.5073197484016418
0.5758715271949768
0.6001938581466675
0.5084840655326843
0.5889102220535278
0.558734118938446
0.5347068905830383
0.5483841896057129
0.7006276845932007
0.5434333682060242
0.5607128739356995
0.5615670084953308
0.6101323366165161
0.5396344065666199
0.6015521287918091
0.6995474696159363
0.6244857907295227
0.5947356820106506
0.5362147092819214
0.5726197957992554
0.6042173504829407
0.6062875390052795
0.580052375793457
0.6561970710754395
0.6092981696128845
0.5487428903579712
0.5514419078826904
0.538852334022522
0.5707638263702393
0.5457110404968262
0.5146435499191284
0.5877393484115601
0.7081999182701111
0.5350755453109741
0.6043319702148438
0.5906690359115601
0.519822359085083
0.5945588946342468
0.5514954328536987
0.6249355673789978
0.5494891405105591
0.6580862998962402
0.6452059745788574
0.6235770583152771
0.586214005947113
0.7547372579574585
0.5147299766540527
0.6272494196891785
0.7005072832107544
0.6133535504341125
0.5341008901596069
0.5221027135848999
0.5777388215065002
0.571868360042572
0.6175915598869324
0.580906331539154
0.7028661966323853
0.680026113986969
0.7967405319213867
0.6034560203552246
0.5019112229347229
0.614152193069458
0.5917764902114868
0.5973839163780212
0.5263428092002869
0.6854555606842041
0.5461780428886414
0.6032150983810425
0.5606383681297302
0.6273669004440308
0.6672303676605225
0.5185665488243103
0.5944046378135681
0.5230454206466675
0.6499532461166382
0.6856473684310913
0.6066566705703735
0.5732476711273193
0.5643535256385803
0.5463377833366394
0.6646725535392761
0.5510298013687134
0.6268603801727295
0.7092112898826599
0.5223512053489685
0.6578668355941772
0.6283942461013794
0.6628307700157166
0.5578379034996033
0.6438430547714233
0.599712610244751
0.546294093132019
0.5337474346160889
0.5558354258537292
0.5720165371894836
0.611160933971405
0.5567430853843689
0.6722204685211182
0.656454861164093
0.6033447980880737
0.6369683146476746
0.6861594319343567
0.5050750970840454
0.7923247814178467
0.559647798538208
0.5999574661254883
0.693640947341919
0.6361451148986816
0.539213240146637
0.5922725796699524
0.5115281343460083
0.5385494232177734
0.5889602303504944
0.7112953066825867
0.5435569286346436
0.6799846887588501
0.6183463335037231
0.501372218132019
0.5366256237030029
0.5021569132804871
0.630270779132843
0.5776156187057495
0.5851051211357117
0.5580337047576904
0.5640513896942139
0.5688014626502991
0.5137655735015869
0.6332075595855713
0.5321121215820312
0.5584021806716919
0.6438266634941101
0.5057521462440491
0.5186617374420166
0.7060425281524658
0.6921682953834534
0.7304322719573975
0.5402944087982178
0.6804728507995605
0.5503535270690918
0.547523021697998
0.5626806616783142
0.5083529353141785
0.5727613568305969
0.610724151134491
0.6302416920661926
0.6657854318618774
0.5490374565124512
0.5135290622711182
0.5212186574935913
0.559396505355835
0.5865112543106079
0.6127997040748596
0.5118762850761414
0.5870009064674377
0.5459733605384827
0.5771538615226746
0.5205913186073303
0.7280406355857849
0.7422622442245483
0.5030393004417419
0.5528610944747925
0.6700226068496704
0.5969601273536682
0.5050771832466125
0.6163119077682495
0.6695488095283508
0.6130467653274536
0.6368895769119263
0.6600791811943054
0.5183149576187134
0.6363949179649353
0.5484606623649597
0.5804991126060486
0.6055682897567749
0.5939720869064331
0.5219928026199341
0.7025775909423828
0.5941475033760071
0.5741744041442871
0.5027703046798706
0.6228542327880859
0.57084059715271
0.5292252898216248
0.5791453123092651
0.6177243590354919
0.59537273645401
0.5597794055938721
0.5991619825363159
0.5229359269142151
0.5052365660667419
0.5643665790557861
0.6516069769859314
0.5837442278862
0.6581252813339233
0.7255567312240601
0.6173772215843201
0.5245243906974792
0.5150811672210693
0.5028532147407532
0.5513292551040649
0.6889980435371399
0.5668100714683533
0.6867955923080444
0.5486534833908081
0.6706116199493408
0.5386759638786316
0.5039268136024475
0.6147297024726868
0.5769786238670349
0.7227964401245117
0.5661632418632507
0.7228413224220276
0.5207362771034241
0.5178426504135132
0.5448490381240845
0.5730518698692322
0.5936848521232605
0.5038425326347351
0.575792133808136
0.6148857474327087
0.5016355514526367
0.6290931701660156
0.5951084494590759
0.519345223903656
0.5556033253669739
0.5004078149795532
0.5270895957946777
0.5471855998039246
0.5358664393424988
0.517795979976654
0.5751745700836182
0.7244518995285034
0.5983318090438843
0.6364865303039551
0.593241810798645
0.6782419681549072
0.682407021522522
0.5847616195678711
0.5785630345344543
0.6385666728019714
0.6011762619018555
0.5631192922592163
0.7222616076469421
0.5715758204460144
0.5847925543785095
0.5974735617637634
0.6492209434509277
0.5226960778236389
0.6701453328132629
0.5277783870697021
0.542605996131897
0.529583752155304
0.503278911113739
0.6771965026855469
0.5857532024383545
0.7096050381660461
0.5876745581626892
0.6016268134117126
0.5021340847015381
0.610427737236023
0.536689817905426
0.5699816942214966
0.5748943090438843
0.5588830709457397
0.6119374632835388
0.6497573852539062
0.6664071679115295
0.5662086009979248
0.5750738382339478
0.6234831809997559
0.573948085308075
0.5756692290306091
0.5692867636680603
0.6501592397689819
0.7231206893920898
0.6204023361206055
0.5746875405311584
0.5710175037384033
0.5297562479972839
0.5393824577331543
0.5609773993492126
0.6526638269424438
0.5469761490821838
0.6380813717842102
0.6507841944694519
0.5037047863006592
0.5167937278747559
0.5013583302497864
0.6890878081321716
0.6834344267845154
0.5441475510597229
0.5620042681694031
0.7111366987228394
0.5846897959709167
0.5394536852836609
0.7124770283699036
0.5700761675834656
0.5481607913970947
0.5587525367736816
0.5462386608123779
0.6241323947906494
0.5272212624549866
0.5039520859718323
0.6175041794776917
0.5462669730186462
0.5466785430908203
0.7607476711273193
0.5192633867263794
0.8090540170669556
0.5786705017089844
0.642021894454956
0.6125987768173218
0.6235237717628479
0.6228354573249817
0.6860402822494507
0.5119805932044983
0.6907256841659546
0.5655529499053955
0.6699869632720947
0.6874837279319763
0.5099673867225647
0.7115203142166138
0.5695176124572754
0.6738765835762024
0.5704395771026611
0.5328305959701538
0.5276916027069092
0.6078569293022156
0.5472445487976074
0.7165729999542236
0.6157299280166626
0.595648467540741
0.5340380668640137
0.620522141456604
0.5551465749740601
0.5440143942832947
0.6042903065681458
0.5285558700561523
0.5005001425743103
0.6072348952293396
0.5088518857955933
0.5446330308914185
0.5079922676086426
0.5042475461959839
0.5792097449302673
0.6567103266716003
0.5002288222312927
0.5195187926292419
0.5131330490112305
0.5420846939086914
0.5548053979873657
0.5199556350708008
0.6428021788597107
0.6655762791633606
0.5169862508773804
0.6350839734077454
0.5285180807113647
0.5819433927536011
0.5010517835617065
0.6311607360839844
0.5689483284950256
0.5277931094169617
0.7966795563697815
0.5696415901184082
0.5531559586524963
0.531622052192688
0.5049103498458862
0.594149649143219
0.5094483494758606
0.6180907487869263
0.6338702440261841
0.5261409282684326
0.6560088396072388
0.6385914087295532
0.6272830963134766
0.6046233177185059
0.5251443386077881
0.548079788684845
0.6190322041511536
0.6206483244895935
0.6430424451828003
0.556824266910553
0.529030442237854
0.5464290380477905
0.614783525466919
0.7058398723602295
0.7348597645759583
0.5184127688407898
0.6224973201751709
0.5767014026641846
0.7722068428993225
0.5313332080841064
0.6055387258529663
0.5684481859207153
0.5187697410583496
0.5170426368713379
0.5021499395370483
0.6162551641464233
0.5410543084144592
0.5316193103790283
0.5814216732978821
0.5582748651504517
0.6509786248207092
0.6786324381828308
0.5088608860969543
0.7919797301292419
0.6677442789077759
0.5406003594398499
0.6134259700775146
0.5937684774398804
0.6771083474159241
0.5426467061042786
0.585679292678833
0.5795005559921265
0.5645618438720703
0.5186983346939087
0.583647608757019
0.5441204309463501
0.615598201751709
0.5250400304794312
0.5760899186134338
0.827564537525177
0.5500326156616211
0.6247841119766235
0.5375168323516846
0.5827459692955017
0.5065509676933289
0.5012415647506714
0.6014173030853271
0.535364031791687
0.6786301732063293
0.5430988073348999
0.6696083545684814
0.5586248636245728
0.57560795545578
0.5019436478614807
0.6684800982475281
0.5546419024467468
0.538481593132019
0.5256834030151367
0.5355057716369629
0.5333719849586487
0.5422222018241882
0.6874178647994995
0.5186958312988281
0.5798935294151306
0.5119671821594238
0.6316278576850891
0.6313056945800781
0.6083753705024719
0.5227564573287964
0.5861505270004272
0.5919790863990784
0.5640854239463806
0.5475272536277771
0.6682037711143494
0.526142954826355
0.6023743152618408
0.533970057964325
0.5092835426330566
0.6053539514541626
0.613783061504364
0.5573749542236328
0.6047629714012146
0.7136797308921814
0.6585142016410828
0.5699759721755981
0.6288276314735413
0.5823934674263
0.7387620210647583
0.6725752949714661
0.5044274926185608
0.6138219237327576
0.5498657822608948
0.5272305011749268
0.6046696305274963
0.6618348956108093
0.5491287112236023
0.6357957720756531
0.5980764031410217
0.7299991250038147
0.6983504891395569
0.7228126525878906
0.5372637510299683
0.5957029461860657
0.558952808380127
0.6584803462028503
0.5602589249610901
0.5349709987640381
0.5422049164772034
0.5688319206237793
0.5564271807670593
0.5891831517219543
0.7010775804519653
0.565760612487793
0.5486981272697449
0.5468406081199646
0.5319222211837769
0.6910037994384766
0.5855825543403625
0.5743642449378967
0.710507869720459
0.5204908847808838
0.6032673120498657
0.6996898055076599
0.5101091265678406
0.5673845410346985
0.6298703551292419
0.6032577753067017
0.6075051426887512
0.5439742207527161
0.6250654458999634
0.590817928314209
0.5645284056663513
0.6790341138839722
0.5277575254440308
0.6247059106826782
0.5895454287528992
0.7405509352684021
0.5597032308578491
0.507138729095459
0.5618124604225159
0.7093952894210815
0.5709561705589294
0.5002859830856323
0.6294213533401489
0.5935876369476318
0.5937379598617554
0.629611074924469
0.5202471613883972
0.6219192743301392
0.5213005542755127
0.5422737002372742
0.6723865270614624
0.5620265603065491
0.5077520608901978
0.5685169100761414
0.5930210947990417
0.5541976094245911
0.5594730377197266
0.5075902938842773
0.5778518319129944
0.609483003616333
0.5726216435432434
0.5928258299827576
0.5073873996734619
0.6495078206062317
0.5965616703033447
0.730974018573761
0.5532615184783936
0.6803240180015564
0.5115296840667725
0.7131059169769287
0.7034441828727722
0.578864574432373
0.7554260492324829
0.6393005847930908
0.6682139039039612
0.576213002204895
0.588931143283844
0.6387709379196167
0.5385693907737732
0.6414285898208618
0.5782312154769897
0.5727478265762329
0.6638175249099731
0.5964424014091492
0.524682879447937
0.5334331393241882
0.511786699295044
0.5147673487663269
0.560771107673645
0.5697103142738342
0.6526342034339905
0.5210208296775818
0.5644472241401672
0.6017603874206543
0.5458130836486816
0.5493291616439819
0.6084231734275818
0.5397410988807678
0.5530460476875305
0.6049315929412842
0.5881569385528564
0.5001453161239624
0.54328453540802
0.6248524785041809
0.5731601715087891
0.5790458917617798
0.778952956199646
0.64310622215271
0.538834810256958
0.6810935139656067
0.6845422387123108
0.5538368821144104
0.6290997266769409
0.5482518672943115
0.58133465051651
0.5477689504623413
0.5975934267044067
0.5292270183563232
0.7073305249214172
0.5545562505722046
0.590408980846405
0.5201026201248169
0.6113079190254211
0.6430635452270508
0.5636152625083923
0.5003322958946228
0.5472858548164368
0.6212300062179565
0.6218037605285645
0.5999284982681274
0.631218671798706
0.5681508779525757
0.5560848712921143
0.7737553119659424
0.5033968091011047
0.6368962526321411
0.5171432495117188
0.5095190405845642
0.527484118938446
0.6311697959899902
0.5775365829467773
0.609825849533081
0.5233081579208374
0.5325908064842224
0.6418139934539795
0.5001607537269592
0.5637061595916748
0.5412618517875671
0.5502521991729736
0.5294142365455627
0.6301511526107788
0.5676357746124268
0.5866685509681702
0.6691866517066956
0.5464782118797302
0.5480071306228638
0.615883469581604
0.5348220467567444
0.6198822259902954
0.6390398740768433
0.5939778089523315
0.6522924900054932
0.6928423643112183
0.5152425765991211
0.6565853953361511
0.5706843733787537
0.5460943579673767
0.5806788802146912
0.5142281651496887
0.7499381303787231
0.6097143292427063
0.5992873907089233
0.7214073538780212
0.6605395674705505
0.5021945834159851
0.5551148653030396
0.5686671733856201
0.6477391719818115
0.5260064601898193
0.5315689444541931
0.5215266942977905
0.5226457715034485
0.5213550925254822
0.5429299473762512
0.5476646423339844
0.5213214755058289
0.6454923152923584
0.5402359366416931
0.548080325126648
0.8201287984848022
0.6020172238349915
0.5144194960594177
0.5166489481925964
0.62933349609375
0.6719852089881897
0.6773204803466797
0.5043550133705139
0.6459279656410217
0.59295254945755
0.5158089995384216
0.5470941662788391
0.6014885902404785
0.5987658500671387
0.5496992468833923
0.6156355142593384
0.550053596496582
0.5324990153312683
0.597428560256958
0.5281348824501038
0.5908072590827942
0.5087890625
0.5206068158149719
0.6632808446884155
0.5214935541152954
0.728646457195282
0.509701132774353
0.569501519203186
0.5919303894042969
0.5382624268531799
0.5309293270111084
0.6141397356987
0.6888195276260376
0.63187575340271
0.5008302927017212
0.5680751800537109
0.6843547821044922
0.560115396976471
0.7484844923019409
0.5729007720947266
0.5358467698097229
0.5281888246536255
0.5479025840759277
0.7195904850959778
0.5776207447052002
0.5556671023368835
0.5896188616752625
0.6858678460121155
0.5540063381195068
0.5147199630737305
0.6212829947471619
0.5888543128967285
0.5422109365463257
0.6315599679946899
0.675446093082428
0.6369289755821228
0.5934564471244812
0.5814871191978455
0.5976607799530029
0.5143983960151672
0.544950544834137
0.6830121278762817
0.6288228631019592
0.6176038384437561
0.5454776883125305
0.7123072743415833
0.6083824038505554
0.5924948453903198
0.5772287249565125
0.6044583916664124
0.65946364402771
0.6224207878112793
0.6660590171813965
0.5248117446899414
0.7414047718048096
0.6152913570404053
0.5273245573043823
0.659099280834198
0.5096566677093506
0.5571534633636475
0.5378789305686951
0.6877748370170593
0.6448754668235779
0.5920315980911255
0.5847833752632141
0.6091237664222717
0.5577012300491333
0.6228582859039307
0.5265905261039734
0.5528867244720459
0.5613876581192017
0.5069372653961182
0.5169663429260254
0.6504184603691101
0.5835821628570557
0.5517629384994507
0.6026894450187683
0.6799306869506836
0.5733100771903992
0.621236264705658
0.5987650752067566
0.5193740725517273
0.6412283778190613
0.5181847810745239
0.6827290058135986
0.5436061024665833
0.5729086995124817
0.5930800437927246
0.5218172669410706
0.5292471051216125
0.5252524614334106
0.5069825053215027
0.5482522249221802
0.5007117390632629
0.5076419115066528
0.5314551591873169
0.5155342221260071
0.5245945453643799
0.6076304316520691
0.5884450078010559
0.507817804813385
0.6097279191017151
0.7541809678077698
0.5677143335342407
0.5699440240859985
0.5259050726890564
0.6026908755302429
0.6702519655227661
0.5796210169792175
0.5530866980552673
0.5657146573066711
0.5778371691703796
0.7002831697463989
0.5384929180145264
0.5200726985931396
0.597183883190155
0.7247993350028992
0.6290972828865051
0.5714589357376099
0.6860347390174866
0.5323483943939209
0.5465797781944275
0.5549740195274353
0.5068105459213257
0.6133008599281311
0.5265490412712097
0.6323527097702026
0.7754431962966919
0.5179295539855957
0.5703907012939453
0.6307170987129211
0.612548291683197
0.526512861251831
0.502698540687561
0.5605267286300659
0.6385911703109741
0.7514787912368774
0.6082852482795715
0.5701447129249573
0.6729306578636169
0.5617924928665161
0.625737190246582
0.5233641862869263
0.5503495335578918
0.6350159645080566
0.6870288252830505
0.593926191329956
0.7154305577278137
0.5059190392494202
0.6211815476417542
0.5258610248565674
0.6701380610466003
0.508540153503418
0.5481337308883667
0.5117537975311279
0.6730349659919739
0.5910481214523315
0.5834326148033142
0.5137007832527161
0.6457462310791016
0.5895159244537354
0.5315114259719849
0.7747541069984436
0.5313456654548645
0.7096009254455566
0.6482113599777222
0.5843538641929626
0.5557212829589844
0.652251124382019
0.6302057504653931
0.5403159260749817
0.6138525605201721
0.5030918121337891
0.548743486404419
0.5180996060371399
0.718572199344635
0.515252947807312
0.5654484033584595
0.5357315540313721
0.5349068641662598
0.7626098990440369
0.6080321073532104
0.6292383074760437
0.5839053392410278
0.5288664698600769
0.6201132535934448
0.7054983973503113
0.513875424861908
0.6434352397918701
0.5732866525650024
0.6422763466835022
0.5563431978225708
0.6898141503334045
0.6879154443740845
0.5309481024742126
0.564363956451416
0.5475407838821411
0.6658669710159302
0.505794107913971
0.7085773944854736
0.553530216217041
0.6278799772262573
0.6381449103355408
0.5611167550086975
0.577598512172699
0.5790525674819946
0.505314290523529
0.5142360329627991
0.5736003518104553
0.6336783170700073
0.699066698551178
0.560958206653595
0.5881914496421814
0.6315847635269165
0.5723422169685364
0.5064302682876587
0.5206819176673889
0.5598527193069458
0.5011983513832092
0.5058614015579224
0.5860848426818848
0.6562839150428772
0.5562001466751099
0.5275906324386597
0.5840494632720947
0.6560227274894714
0.5648834705352783
0.5882161259651184
0.660063624382019
0.5843963027000427
0.677783727645874
0.6979610323905945
0.638533353805542
0.56583571434021
0.5119628310203552
0.6051180958747864
0.5869117975234985
0.5437090992927551
0.5322614312171936
0.5470033884048462
0.555022120475769
0.6018799543380737
0.6138614416122437
0.5938431620597839
0.7241630554199219
0.5550279021263123
0.5412867665290833
0.5780477523803711
0.6151424050331116
0.5606197714805603
0.5207807421684265
0.6747410297393799
0.5485513210296631
0.6252702474594116
0.5349407196044922
0.5196784734725952
0.5037575364112854
0.6332852244377136
0.6705604195594788
0.5466928482055664
0.5419108271598816
0.7173707485198975
0.7324991226196289
0.5890819430351257
0.6084462404251099
0.749377429485321
0.5287034511566162
0.5101970434188843
0.5144891142845154
0.5344986319541931
0.5154823660850525
0.5669323205947876
0.6272453665733337
0.5474010705947876
0.6115269064903259
0.588906466960907
0.5415860414505005
0.5744120478630066
0.6591819524765015
0.5167858600616455
0.7069567441940308
0.5531618595123291
0.5269452333450317
0.5354005694389343
0.5968128442764282
0.6329741477966309
0.5310714244842529
0.5716486573219299
0.5226306915283203
0.6367975473403931
0.7058168649673462
0.6090567708015442
0.5281133651733398
0.5290788412094116
0.5022627711296082
0.5585312843322754
0.5400177836418152
0.6098294854164124
0.5349471569061279
0.6213959455490112
0.6349136233329773
0.6582543849945068
0.5225432515144348
0.5032838582992554
0.5634264349937439
0.5586234331130981
0.7342092990875244
0.7106303572654724
0.5764103531837463
0.5224725604057312
0.546295166015625
0.5001788139343262
0.6879493594169617
0.6115062236785889
0.5541279315948486
0.5751767754554749
0.5233995914459229
0.609904944896698
0.6669870018959045
0.5590025186538696
0.5949741005897522
0.6440890431404114
0.6971259117126465
0.607089102268219
0.5421583652496338
0.6410577893257141
0.5718640685081482
0.5382803082466125
0.5500501394271851
0.5985751152038574
0.5664504766464233
0.5151804685592651
0.5086604356765747
0.7008750438690186
0.5977510213851929
0.5629956722259521
0.5982180833816528
0.5503382682800293
0.5399492979049683
0.6611343622207642
0.5088517069816589
0.6935707926750183
0.5853511691093445
0.5190815329551697
0.6487054228782654
0.6342952251434326
0.5724939107894897
0.5198336243629456
0.5803921818733215
0.5636537075042725
0.5878228545188904
0.6013428568840027
0.5429724454879761
0.5831462740898132
0.5106794238090515
0.5559972524642944
0.6330605745315552
0.806529700756073
0.604199230670929
0.5353954434394836
0.703432559967041
0.5372956991195679
0.5450124144554138
0.6490580439567566
0.5420739054679871
0.7113186717033386
0.7428863644599915
0.578228771686554
0.610019326210022
0.5149031281471252
0.5274245738983154
0.5982775092124939
0.5541136264801025
0.6133396029472351
0.5801433324813843
0.5938692688941956
0.5415360331535339
0.7545578479766846
0.6307352185249329
0.6255972981452942
0.545157790184021
0.612956702709198
0.580834150314331
0.7334320545196533
0.5836078524589539
0.5025694370269775
0.7134688496589661
0.6114165186882019
0.5504773259162903
0.6453452706336975
0.5451312065124512
0.5640770196914673
0.5297570824623108
0.6460535526275635
0.5408010482788086
0.6942710876464844
0.6606674194335938
0.5721553564071655
0.5654537677764893
0.5626399517059326
0.5095905661582947
0.6100198030471802
0.6177290081977844
0.6288185715675354
0.5874144434928894
0.5499359369277954
0.6706685423851013
0.541267991065979
0.5120335221290588
0.527347981929779
0.5386463403701782
0.740871250629425
0.7584163546562195
0.6054753661155701
0.6020187139511108
0.5932237505912781
0.5043385028839111
0.6206254959106445
0.5452334880828857
0.5723106265068054
0.5981770753860474
0.5506485104560852
0.6111418008804321
0.5573721528053284
0.6249810457229614
0.6847057342529297
0.5178675651550293
0.527693510055542
0.70048987865448
0.5911484360694885
0.5118726491928101
0.5795226097106934
0.6573067307472229
0.5556784272193909
0.6266875863075256
0.6197403073310852
0.6025570631027222
0.7340674996376038
0.6184932589530945
0.7273163795471191
0.5786615014076233
0.5553615093231201
0.6624656319618225
0.6310484409332275
0.6015211343765259
0.5861552357673645
0.6075001955032349
0.5734990239143372
0.5677278637886047
0.6015844345092773
0.6074697375297546
0.6662916541099548
0.5329323410987854
0.506999671459198
0.547345757484436
0.6085116267204285
0.5908146500587463
0.5387940406799316
0.505320131778717
0.6904252767562866
0.5187093019485474
0.628568708896637
0.7286909818649292
0.5944358706474304
0.5143513679504395
0.5046619772911072
0.7651707530021667
0.6704878807067871
0.6517829298973083
0.6640627980232239
0.5949521660804749
0.6247187852859497
0.5330562591552734
0.6670223474502563
0.6053152084350586
0.5409080386161804
0.5192676186561584
0.5758385062217712
0.5409473180770874
0.5977280735969543
0.6907109022140503
0.522892415523529
0.7208773493766785
0.5111690163612366
0.7272366881370544
0.6995886564254761
0.5543332099914551
0.5947028398513794
0.5070400238037109
0.6105706095695496
0.6178119778633118
0.681167721748352
0.6586458086967468
0.5823110938072205
0.5424033403396606
0.7073753476142883
0.5105579495429993
0.676449716091156
0.5836061835289001
0.6183575987815857
0.5205900073051453
0.6079079508781433
0.5445112586021423
0.5490589141845703
0.6533442139625549
0.5002574920654297
0.6173440217971802
0.5925381779670715
0.5569238662719727
0.5138072967529297
0.5487310290336609
0.5789840221405029
0.5483494997024536
0.6854636073112488
0.6303153038024902
0.6001178622245789
0.6634808778762817
0.6062897443771362
0.5049425363540649
0.5816287398338318
0.5799264907836914
0.6731069087982178
0.5632102489471436
0.5582989454269409
0.5269743800163269
0.6253160834312439
0.5955762267112732
0.6246846914291382
0.6106482148170471
0.5501489639282227
0.5996594429016113
0.6064490079879761
0.6169891357421875
0.5355890393257141
0.5487037897109985
0.539463460445404
0.5163238048553467
0.5951306223869324
0.5749746561050415
0.5595772862434387
0.5499266982078552
0.5749689340591431
0.6148727536201477
0.5151676535606384
0.6128954291343689
0.5112608075141907
0.6200183629989624
0.5604018568992615
0.5840396881103516
0.5417134165763855
0.6295799612998962
0.56218421459198
0.5029899477958679
0.6042799353599548
0.553123414516449
0.6120299100875854
0.6083162426948547
0.6544590592384338
0.5252684950828552
0.545216977596283
0.6269964575767517
0.567136287689209
0.5712645053863525
0.5735931992530823
0.6971083879470825
0.5804843902587891
0.5888610482215881
0.5365617871284485
0.5439102649688721
0.5876829624176025
0.7394312620162964
0.5519464612007141
0.5582747459411621
0.5452170968055725
0.664527416229248
0.6868560910224915
0.5424858331680298
0.6185096502304077
0.666669487953186
0.5988826751708984
0.5394924879074097
0.5015043616294861
0.52558833360672
0.5935543179512024
0.6755869388580322
0.5120046138763428
0.557949960231781
0.7278055548667908
0.6707042455673218
0.5541142821311951
0.8754497766494751
0.5610458254814148
0.5956101417541504
0.5606815814971924
0.5584596395492554
0.5853779911994934
0.6386380791664124
0.586603581905365
0.5965923070907593
0.6243852376937866
0.6577857136726379
0.5352829694747925
0.567009449005127
0.5735828280448914
0.7379704713821411
0.6517245173454285
0.613582968711853
0.5125741362571716
0.6706996560096741
0.6579774022102356
0.633216917514801
0.5590434670448303
0.7447279095649719
0.5679426193237305
0.6497910618782043
0.5123926997184753
0.5754088163375854
0.6415480971336365
0.5596202611923218
0.5937916040420532
0.6443777084350586
0.5082687735557556
0.5318877696990967
0.6276068091392517
0.5379478335380554
0.7069903016090393
0.6562445759773254
0.6547272205352783
0.7512385845184326
0.5020806193351746
0.5986211895942688
0.5692285299301147
0.6960088014602661
0.511627733707428
0.5482833981513977
0.6034130454063416
0.6076604723930359
0.6741769313812256
0.5223202109336853
0.5368016958236694
0.5549526214599609
0.6057209372520447
0.5246423482894897
0.6321806907653809
0.6130754947662354
0.5104448199272156
0.6350948214530945
0.7362285256385803
0.5041943788528442
0.6771883368492126
0.5287978053092957
0.5070902109146118
0.6013743281364441
0.5626989603042603
0.503383457660675
0.5406126976013184
0.6332577466964722
0.5120599865913391
0.5547887086868286
0.5629101991653442
0.5789417624473572
0.5144411325454712
0.619056224822998
0.5443798303604126
0.6698048710823059
0.5528370141983032
0.5593363046646118
0.5115030407905579
0.6371868848800659
0.5686818361282349
0.6166896820068359
0.7276826500892639
0.6413516998291016
0.7731221914291382
0.5460845232009888
0.6096084713935852
0.5313881039619446
0.6440153121948242
0.6317601799964905
0.5637540817260742
0.8621023893356323
0.6656557321548462
0.5592420101165771
0.6384609341621399
0.5129399299621582
0.5275479555130005
0.5178192257881165
0.6067418456077576
0.5581033229827881
0.5007098913192749
0.6802341341972351
0.6159817576408386
0.6175312995910645
0.6267034411430359
0.6683018207550049
0.7171280980110168
0.5125972032546997
0.6044625639915466
0.5346805453300476
0.6408001184463501
0.5303134918212891
0.5017963647842407
0.6786378026008606
0.6374960541725159
0.6148894429206848
0.6896485090255737
0.5716446042060852
0.5873833894729614
0.6090099811553955
0.5259145498275757
0.6364269256591797
0.660682737827301
0.6292436122894287
0.5340710878372192
0.5018081068992615
0.5516537427902222
0.6467984914779663
0.6271223425865173
0.5594158172607422
0.547672688961029
0.6525418162345886
0.5852295160293579
0.7492523193359375
0.5979479551315308
0.6917604207992554
0.5646862387657166
0.5474151372909546
0.5123474597930908
0.5715032815933228
0.5939761996269226
0.6110682487487793
0.620519757270813
0.6369300484657288
0.5579594373703003
0.7419854998588562
0.5440723299980164
0.6097432971000671
0.6268611550331116
0.631716787815094
0.5378701686859131
0.5581498146057129
0.5134195685386658
0.5528018474578857
0.5346449613571167
0.5175119638442993
0.5750239491462708
0.6089235544204712
0.6899549961090088
0.5035591721534729
0.6215171217918396
0.5635450482368469
0.6055319905281067
0.6694782376289368
0.6940224170684814
0.6180711984634399
0.724189281463623
0.5558197498321533
0.6948025226593018
0.7647456526756287
0.6286594271659851
0.656501829624176
0.6126661896705627
0.5021660327911377
0.5735129117965698
0.6068615317344666
0.6376810669898987
0.6628211736679077
0.5864498615264893
0.5082928538322449
0.579908013343811
0.514509379863739
0.7026588320732117
0.6468130946159363
0.6840701103210449
0.5343854427337646
0.5653285980224609
0.6459944844245911
0.5565122365951538
0.5238221287727356
0.5277245044708252
0.6211118698120117
0.5356149673461914
0.648596465587616
0.5365358591079712
0.5312837958335876
0.5389886498451233
0.5175098776817322
0.6356205344200134
0.6286442279815674
0.5841416120529175
0.5392990708351135
0.5119852423667908
0.6858012080192566
0.5052602291107178
0.6674489974975586
0.5086567401885986
0.5588730573654175
0.6544277667999268
0.6572272181510925
0.5959621071815491
0.5187832117080688
0.5565893054008484
0.5715541243553162
0.6154065728187561
0.5505456924438477
0.5084496140480042
0.5317289233207703
0.5973737239837646
0.6242936849594116
0.5477746725082397
0.5109960436820984
0.5924567580223083
0.6967824697494507
0.5233651399612427
0.6799382567405701
0.5693864822387695
0.7039887309074402
0.7362357974052429
0.5665774941444397
0.5428896546363831
0.6099181175231934
0.6275346279144287
0.5670406222343445
0.5504484176635742
0.5314152240753174
0.5770937204360962
0.5240678191184998
0.5002993941307068
0.5592383742332458
0.6124333739280701
0.5142045021057129
0.5148689150810242
0.5305047035217285
0.7314195036888123
0.6732673048973083
0.6223921775817871
0.6154270768165588
0.6767224073410034
0.6766109466552734
0.5826207399368286
0.5263837575912476
0.6058574318885803
0.5932409763336182
0.5810295343399048
0.7303634285926819
0.5883538722991943
0.6902087330818176
0.5697644352912903
0.5391815304756165
0.5953017473220825
0.5939863920211792
0.5037579536437988
0.5829118490219116
0.6466684937477112
0.5329076647758484
0.525265634059906
0.5649964213371277
0.6808530688285828
0.5831829309463501
0.5501706600189209
0.5768601894378662
0.5719463229179382
0.5743505954742432
0.6429325938224792
0.5598998069763184
0.5693451762199402
0.5558049082756042
0.6301267743110657
0.5344578623771667
0.5983729958534241
0.5768619179725647
0.5805709362030029
0.5951435565948486
0.5632138252258301
0.6557028889656067
0.6093685030937195
0.6456660032272339
0.5889807343482971
0.5047227740287781
0.6143542528152466
0.5277275443077087
0.6345677971839905
0.703029215335846
0.5003626346588135
0.599308967590332
0.548637866973877
0.5154332518577576
0.6058829426765442
0.596048891544342
0.5450889468193054
0.6660155057907104
0.6322711110115051
0.5462176203727722
0.5242217779159546
0.5872893929481506
0.7214751839637756
0.6945904493331909
0.5715450048446655
0.6388989090919495
0.5469480156898499
0.5969181060791016
0.6167297959327698
0.6389885544776917
0.7238436341285706
0.5529657602310181
0.624602198600769
0.545470654964447
0.5332282781600952
0.5845494270324707
0.5965279936790466
0.5470913052558899
0.683171808719635
0.7021564841270447
0.5882588624954224
0.5832749009132385
0.5263164043426514
0.5740975737571716
0.7086206674575806
0.5207516551017761
0.517745316028595
0.7334464192390442
0.5800740718841553
0.5912702083587646
0.5950530171394348
0.5896826386451721
0.5182030200958252
0.5424119830131531
0.5842777490615845
0.6815383434295654
0.5724209547042847
0.5281487107276917
0.5968987941741943
0.5297172665596008
0.5036553144454956
0.6160145998001099
0.5405070185661316
0.5747314691543579
0.5190666913986206
0.521310031414032
0.6485874056816101
0.5963842272758484
0.5127204060554504
0.5382335782051086
0.5053093433380127
0.6664610505104065
0.5193787217140198
0.5549377202987671
0.5268552303314209
0.5500745177268982
0.7496443390846252
0.6697884798049927
0.6399899125099182
0.6852057576179504
0.5502230525016785
0.5471068024635315
0.5390594005584717
0.7559765577316284
0.6328107714653015
0.5192312002182007
0.577013373374939
0.5074886679649353
0.564450740814209
0.6173789501190186
0.5730279088020325
0.5456185340881348
0.5437567830085754
0.5867307186126709
0.5820605754852295
0.5283327102661133
0.5150623917579651
0.5878819823265076
0.5936708450317383
0.6266213059425354
0.5997798442840576
0.5832456350326538
0.5529428720474243
0.6171463131904602
0.5201605558395386
0.5060352087020874
0.6113781929016113
0.570260763168335
0.5535281896591187
0.5582737326622009
0.5971762537956238
0.5704203248023987
0.5429643392562866
0.5562790632247925
0.53460294008255
0.5725038647651672
0.5310075283050537
0.587681233882904
0.6179412603378296
0.5260681509971619
0.7242171764373779
0.6899401545524597
0.5884213447570801
0.58307945728302
0.5675259232521057
0.5304018259048462
0.6300266981124878
0.5019932985305786
0.5194475054740906
0.5152001976966858
0.6714699864387512
0.6038303375244141
0.560073971748352
0.6507019400596619
0.5710507035255432
0.7335629463195801
0.6666027903556824
0.5714498162269592
0.5628935098648071
0.5182511210441589
0.6597838997840881
0.5813701152801514
0.6340631246566772
0.5200977325439453
0.6357452869415283
0.5721789598464966
0.6141926646232605
0.5991093516349792
0.5571594834327698
0.6425927877426147
0.6803151965141296
0.6099855303764343
0.6936035752296448
0.599781334400177
0.6676709055900574
0.6679369211196899
0.725593626499176
0.7149728536605835
0.5476416945457458
0.5849906206130981
0.5077641606330872
0.7207536101341248
0.784087061882019
0.5748366713523865
0.5056595802307129
0.59536212682724
0.5068790912628174
0.5265190601348877
0.8017622828483582
0.5177558064460754
0.7610486745834351
0.5521644949913025
0.549640417098999
0.5086780190467834
0.5794990658760071
0.5902652144432068
0.5586718916893005
0.60628342628479
0.5315394401550293
0.5025667548179626
0.5605714917182922
0.5566614270210266
0.6631610989570618
0.6159288883209229
0.5506467223167419
0.5514666438102722
0.5922295451164246
0.5141357183456421
0.5439965724945068
0.5180173516273499
0.6760395765304565
0.5853621959686279
0.5910592079162598
0.6722341179847717
0.5107453465461731
0.7000433802604675
0.6711503267288208
0.5966675877571106
0.5847391486167908
0.5837503671646118
0.6319725513458252
0.5220091938972473
0.6543694734573364
0.5674801468849182
0.6690334677696228
0.5593529343605042
0.6548742055892944
0.5800647735595703
0.5124013423919678
0.5805628895759583
0.5974602103233337
0.7636418342590332
0.5339031219482422
0.6635375618934631
0.5911741852760315
0.5558522939682007
0.5849774479866028
0.6820292472839355
0.50334233045578
0.6926895380020142
0.7403383255004883
0.6106789112091064
0.6386071443557739
0.6924980878829956
0.5050244927406311
0.7298367023468018
0.6089716553688049
0.6292465329170227
0.6388029456138611
0.609157145023346
0.5183197259902954
0.7464619874954224
0.6478764414787292
0.7811459302902222
0.594788134098053
0.5391901731491089
0.5630128979682922
0.6283188462257385
0.6013633608818054
0.6065391898155212
0.6264045238494873
0.5836929082870483
0.6063684225082397
0.6429283022880554
0.6374090909957886
0.6596994400024414
0.564652144908905
0.5739340782165527
0.5174897909164429
0.5883258581161499
0.600243330001831
0.5022366642951965
0.5793805718421936
0.6370383501052856
0.5615736246109009
0.5962238311767578
0.6149945259094238
0.5834155082702637
0.6174371838569641
0.5713452100753784
0.5458155274391174
0.51435387134552
0.6819726228713989
0.5528430938720703
0.5367851853370667
0.6096820831298828
0.5236748456954956
0.5871065855026245
0.7675312161445618
0.6217068433761597
0.5958677530288696
0.5337791442871094
0.5500991940498352
0.6874836087226868
0.5816945433616638
0.6930649280548096
0.5548794865608215
0.728230357170105
0.5110700130462646
0.5723538398742676
0.509518563747406
0.5310770869255066
0.5226986408233643
0.5641896724700928
0.5030475854873657
0.7372527718544006
0.5511877536773682
0.5233322381973267
0.6419827938079834
0.6154428124427795
0.5688658952713013
0.5539318919181824
0.6594660878181458
0.5603727102279663
0.5362681150436401
0.5139400362968445
0.5393064618110657
0.5362710952758789
0.62239009141922
0.5473224520683289
0.6941767334938049
0.514278769493103
0.6983127593994141
0.503464937210083
0.6116106510162354
0.5270240306854248
0.5981141924858093
0.5559012293815613
0.6376231908798218
0.5768697261810303
0.5940744280815125
0.6598016023635864
0.5075422525405884
0.5153822302818298
0.5519816279411316
0.6203264594078064
0.6304377317428589
0.6976006031036377
0.5231384634971619
0.5997097492218018
0.5602524876594543
0.5757039189338684
0.5845821499824524
0.5063759088516235
0.590151846408844
0.6360619068145752
0.6434180736541748
0.5510364174842834
0.541933000087738
0.7954540848731995
0.5347752571105957
0.5344710350036621
0.6329180598258972
0.5158197283744812
0.5458514094352722
0.647257924079895
0.5369954705238342
0.5464440584182739
0.6067492365837097
0.7462093830108643
0.5446836352348328
0.5657610893249512
0.5968434810638428
0.5458027124404907
0.6276930570602417
0.5712381601333618
0.5144202709197998
0.5004818439483643
0.6885891556739807
0.6546776294708252
0.577692985534668
0.5567824244499207
0.5217863321304321
0.5116835832595825
0.5747915506362915
0.5787767767906189
0.5992692708969116
0.5780300498008728
0.6589240431785583
0.5337156653404236
0.6504570245742798
0.593981921672821
0.5195730328559875
0.5520990490913391
0.5318084955215454
0.6922836303710938
0.5123823881149292
0.5338389873504639
0.6318604946136475
0.5517364144325256
0.5624863505363464
0.5242587924003601
0.7518242001533508
0.6043280363082886
0.6302517056465149
0.6914606094360352
0.6119110584259033
0.6849987506866455
0.554652750492096
0.5989739894866943
0.5197335481643677
0.712084174156189
0.5947421193122864
0.6226375102996826
0.6726940870285034
0.5163670182228088
0.6731628179550171
0.5797085762023926
0.581070065498352
0.5462048053741455
0.6082000732421875
0.5920299291610718
0.6159257292747498
0.5603403449058533
0.6016614437103271
0.5662237405776978
0.669459342956543
0.5102033615112305
0.5506978631019592
0.5775047540664673
0.565596878528595
0.5110226273536682
0.5122912526130676
0.597577691078186
0.5443444848060608
0.6669713258743286
0.6492730975151062
0.5016760230064392
0.5199247002601624
0.5030235052108765
0.5733254551887512
0.6512971520423889
0.711704432964325
0.5818227529525757
0.5521665215492249
0.6606887578964233
0.7695123553276062
0.5813478827476501
0.6992020606994629
0.5648176670074463
0.5584992170333862
0.5481023192405701
0.522488534450531
0.5338361263275146
0.6896146535873413
0.5153642892837524
0.5054940581321716
0.7214730978012085
0.5250244140625
0.6552075147628784
0.5417190194129944
0.5661841630935669
0.7733213305473328
0.595515251159668
0.5044021010398865
0.6424624919891357
0.5022501349449158
0.5048221349716187
0.5035431385040283
0.6009325385093689
0.62056565284729
0.543785572052002
0.5033569931983948
0.6089779138565063
0.6159307360649109
0.5965266227722168
0.5981222987174988
0.5604625344276428
0.5679939985275269
0.700257420539856
0.5699309706687927
0.7867153286933899
0.688193678855896
0.6539540886878967
0.5124728083610535
0.6941884756088257
0.5053885579109192
0.6259589195251465
0.5002443790435791
0.6636021137237549
0.6374563574790955
0.5379458665847778
0.548391580581665
0.6100821495056152
0.5084369778633118
0.6789516806602478
0.6265631318092346
0.5491759777069092
0.5412651896476746
0.654020369052887
0.6024034023284912
0.6866234540939331
0.654804527759552
0.6664418578147888
0.5055177211761475
0.5562801361083984
0.6179106831550598
0.5667000412940979
0.6773029565811157
0.545655369758606
0.5536789298057556
0.5410271883010864
0.5842344164848328
0.559804379940033
0.6124460101127625
0.6484895348548889
0.654879093170166
0.5289859771728516
0.5341517329216003
0.6368112564086914
0.5377231240272522
0.505853533744812
0.5937375426292419
0.590712308883667
0.5489338040351868
0.708541214466095
0.5161607265472412
0.6122732162475586
0.531607449054718
0.600685715675354
0.6004682779312134
0.5271594524383545
0.5784128308296204
0.617131769657135
0.5933951735496521
0.6129419803619385
0.7767347693443298
0.5375159382820129
0.6712484359741211
0.6783029437065125
0.5323878526687622
0.5862109065055847
0.5203024744987488
0.5154438614845276
0.6603826284408569
0.5771340131759644
0.5394836068153381
0.532145082950592
0.5870012044906616
0.6156575679779053
0.6531402468681335
0.6121827363967896
0.5521817207336426
0.5250251293182373
0.5070995092391968
0.5570992827415466
0.7691856622695923
0.6943261623382568
0.681368350982666
0.5843380689620972
0.5023970007896423
0.5945268869400024
0.5659011006355286
0.5570051670074463
0.6004623770713806
0.5485280752182007
0.5423504114151001
0.5659438967704773
0.5838525891304016
0.5933634638786316
0.6045795679092407
0.5990284085273743
0.6026540398597717
0.6694669127464294
0.5401056408882141
0.5530880689620972
0.5809125900268555
0.5946391820907593
0.5418742895126343
0.5573065280914307
0.6637547612190247
0.6266095042228699
0.5264344811439514
0.5427769422531128
0.5058464407920837
0.5657938718795776
0.6162849068641663
0.7157021760940552
0.6293128728866577
0.6656529903411865
0.5519794821739197
0.680788516998291
0.61189866065979
0.6458210945129395
0.5850009918212891
0.6517333984375
0.5095342397689819
0.5807194709777832
0.6048107147216797
0.522831916809082
0.5827921032905579
0.5464438199996948
0.6160721182823181
0.5522585511207581
0.6618778705596924
0.5054717063903809
0.5985474586486816
0.6811940670013428
0.571088969707489
0.7460917234420776
0.5184189677238464
0.5258475542068481
0.6450075507164001
0.6589143872261047
0.605293869972229
0.620840311050415
0.5971274971961975
0.5522764921188354
0.6272024512290955
0.5534926652908325
0.6657891869544983
0.5136009454727173
0.7183352708816528
0.743789553642273
0.631282389163971
0.641226053237915
0.565018892288208
0.5578925013542175
0.6370240449905396
0.5129992365837097
0.5875019431114197
0.5605342984199524
0.5651767253875732
0.5503336191177368
0.611192524433136
0.658072292804718
0.512161135673523
0.5093746781349182
0.5156258344650269
0.6388487219810486
0.5816287398338318
0.5670961141586304
0.564214289188385
0.561989963054657
0.610245406627655
0.5612753033638
0.5894197821617126
0.528762936592102
0.5606802105903625
0.6962823271751404
0.5137789845466614
0.5771349668502808
0.7129244208335876
0.6887856125831604
0.5668379664421082
0.5305131673812866
0.5364227294921875
0.5699862837791443
0.5738244652748108
0.5862492918968201
0.5130531787872314
0.595024824142456
0.5773324966430664
0.5717236995697021
0.554569661617279
0.6012769937515259
0.5230211615562439
0.6309782862663269
0.5189194679260254
0.5058128833770752
0.7256380319595337
0.6032189726829529
0.6621485352516174
0.6654364466667175
0.5235733389854431
0.6572383642196655
0.6051791906356812
0.540372371673584
0.6140462756156921
0.6440030336380005
0.6392606496810913
0.6451460719108582
0.5149940252304077
0.5099104642868042
0.6277700066566467
0.6430289149284363
0.5957304239273071
0.6784166693687439
0.5800256729125977
0.6879041790962219
0.5539738535881042
0.6028988361358643
0.6115469336509705
0.6188072562217712
0.602047324180603
0.5473902821540833
0.5165479779243469
0.534525454044342
0.5958972573280334
0.6114801168441772
0.5795928835868835
0.6113026738166809
0.5109185576438904
0.5802520513534546
0.5587372779846191
0.5420401096343994
0.697109580039978
0.5776956677436829
0.5819292068481445
0.5391017198562622
0.7501444816589355
0.6198561787605286
0.5524562001228333
0.6394606828689575
0.5414057970046997
0.6435399055480957
0.577902615070343
0.617661714553833
0.5662787556648254
0.5157663822174072
0.5222817063331604
0.5851129293441772
0.589662492275238
0.6580501794815063
0.778201699256897
0.5707125663757324
0.6112937927246094
0.6845685243606567
0.584331750869751
0.5702727437019348
0.6268202662467957
0.564081072807312
0.5444349050521851
0.5255975723266602
0.5625567436218262
0.5598969459533691
0.7643125057220459
0.5823565125465393
0.6977438926696777
0.5511235594749451
0.6256777048110962
0.6244394183158875
0.5211086869239807
0.5469574332237244
0.5223512053489685
0.668571949005127
0.5230193138122559
0.5498605966567993
0.5279775261878967
0.5559566617012024
0.5253768563270569
0.562892735004425
0.5267776250839233
0.7099159359931946
0.5316977500915527
0.5827608108520508
0.5051124691963196
0.5748618245124817
0.5192040801048279
0.5553252100944519
0.6409963965415955
0.5581801533699036
0.6900004148483276
0.5935132503509521
0.7145360708236694
0.6999000906944275
0.5698955059051514
0.520481526851654
0.5053342580795288
0.5097297430038452
0.6217465400695801
0.5374298095703125
0.5152903199195862
0.5490165948867798
0.5803835391998291
0.5195377469062805
0.5927112698554993
0.5087694525718689
0.5555807948112488
0.5106257796287537
0.6365782618522644
0.7259054183959961
0.6268003582954407
0.5952087044715881
0.5278134346008301
0.549536406993866
0.5884342789649963
0.5972561836242676
0.5759661793708801
0.5646758675575256
0.6151571273803711
0.5708500742912292
0.6988306641578674
0.6820664405822754
0.5179816484451294
0.5843483209609985
0.528971254825592
0.6022862792015076
0.5200328230857849
0.6741620898246765
0.6588967442512512
0.7597044110298157
0.6310775876045227
0.5870451927185059
0.6316332221031189
0.5623317360877991
0.6283277869224548
0.5026721358299255
0.610118567943573
0.5315346717834473
0.5081286430358887
0.5949574112892151
0.5876120328903198
0.5426473617553711
0.7321411967277527
0.6699624061584473
0.6146323680877686
0.546266496181488
0.5064347386360168
0.5928128957748413
0.5852663516998291
0.7023313641548157
0.5749311447143555
0.6014275550842285
0.511942446231842
0.5810374021530151
0.6099942326545715
0.6090240478515625
0.6431474089622498
0.5277751684188843
0.6867173314094543
0.6712191104888916
0.5311676859855652
0.6441810727119446
0.5144038796424866
0.606488049030304
0.627419650554657
0.6847858428955078
0.5446822047233582
0.5263047814369202
0.5394161939620972
0.5792627930641174
0.660017192363739
0.5080135464668274
0.5687409043312073
0.7641269564628601
0.5586032271385193
0.5201119780540466
0.604951798915863
0.5426610112190247
0.5765945315361023
0.5429702401161194
0.7042824625968933
0.6246215105056763
0.5187012553215027
0.5145344138145447
0.6042366027832031
0.704923689365387
0.607403039932251
0.5001090168952942
0.5609663128852844
0.5686504244804382
0.6450399160385132
0.6443870067596436
0.5092501640319824
0.647640585899353
0.5256433486938477
0.5211589336395264
0.6483071446418762
0.517739474773407
0.6315557360649109
0.5536407232284546
0.5964532494544983
0.6896148920059204
0.5446389317512512
0.5796084403991699
0.5143464803695679
0.5895362496376038
0.5192824006080627
0.5741980671882629
0.7250619530677795
0.6923620104789734
0.5218296647071838
0.720393180847168
0.5481423139572144
0.6663907170295715
0.5110958218574524
0.5199970006942749
0.6515719294548035
0.6013607382774353
0.5613280534744263
0.5726070404052734
0.5598574280738831
0.5245426893234253
0.6245587468147278
0.614163875579834
0.5273014903068542
0.5197710990905762
0.5785092115402222
0.6152149438858032
0.5880618095397949
0.5262171030044556
0.6473031044006348
0.626827597618103
0.5901455879211426
0.5800037384033203
0.5056865215301514
0.6309021711349487
0.5338648557662964
0.6659642457962036
0.5160645842552185
0.6227630376815796
0.6831901669502258
0.5293570160865784
0.5490434765815735
0.5778311491012573
0.6802102327346802
0.5001546740531921
0.5448036789894104
0.6902735233306885
0.578444242477417
0.6623512506484985
0.5811775922775269
0.629044771194458
0.5387880802154541
0.5986660718917847
0.6483293771743774
0.6450770497322083
0.5041272640228271
0.5391864776611328
0.5729575157165527
0.7218291759490967
0.6760476231575012
0.7240801453590393
0.5683503746986389
0.6865250468254089
0.6505622863769531
0.5863326787948608
0.5336142778396606
0.5490480065345764
0.5586276650428772
0.5026969313621521
0.5324475765228271
0.6370329856872559
0.561991810798645
0.5247710347175598
0.5022096037864685
0.6317428946495056
0.5979108214378357
0.5544076561927795
0.6430022120475769
0.6083019375801086
0.6347175240516663
0.6117643117904663
0.577663242816925
0.7077100276947021
0.7455106377601624
0.6138589382171631
0.5059283375740051
0.5775335431098938
0.5403524041175842
0.5366029143333435
0.6240288615226746
0.6758562326431274
0.6036462187767029
0.5146664977073669
0.5151200294494629
0.5299765467643738
0.7168954014778137
0.6463702917098999
0.5956264734268188
0.5265392661094666
0.5796270966529846
0.568794310092926
0.5914034843444824
0.5361219644546509
0.7031466364860535
0.562712550163269
0.5866986513137817
0.5020541548728943
0.5016389489173889
0.5544182062149048
0.5109702348709106
0.5835434198379517
0.6099168062210083
0.6688310503959656
0.6172447204589844
0.660769522190094
0.631554901599884
0.5924477577209473
0.6983949542045593
0.5245662331581116
0.5456352829933167
0.5980625152587891
0.5274707674980164
0.6197071671485901
0.6117388010025024
0.5347055792808533
0.531643807888031
0.6981744766235352
0.5135519504547119
0.504170298576355
0.5664143562316895
0.5283863544464111
0.722292959690094
0.6111463308334351
0.5029951333999634
0.5653713345527649
0.5978859066963196
0.6551786065101624
0.5662587881088257
0.5716699361801147
0.6376276016235352
0.6220699548721313
0.5218222141265869
0.5341212153434753
0.526997447013855
0.5006359219551086
0.6151785850524902
0.5618686079978943
0.5263956189155579
0.5029618740081787
0.6389468908309937
0.5756695866584778
0.5094918608665466
0.5966351628303528
0.5067453384399414
0.6837626695632935
0.570205569267273
0.7433509230613708
0.7105396389961243
0.5263803601264954
0.5498075485229492
0.5699501037597656
0.691257894039154
0.6525898575782776
0.5469084978103638
0.571906328201294
0.5943512916564941
0.527725875377655
0.6081159710884094
0.6149098873138428
0.5695573687553406
0.5321488380432129
0.6059911251068115
0.609960675239563
0.623084306716919
0.7210735082626343
0.5730145573616028
0.5215309858322144
0.7407447695732117
0.6496708393096924
0.5968590378761292
0.5112969875335693
0.5060602426528931
0.6932468414306641
0.5212258100509644
0.6043732166290283
0.6495654582977295
0.5563607215881348
0.6401633024215698
0.556069016456604
0.5480234622955322
0.5637004375457764
0.7376564741134644
0.5747115612030029
0.5692968368530273
0.5135990381240845
0.6558918952941895
0.6070907115936279
0.5906956195831299
0.5578091144561768
0.5821786522865295
0.6621376872062683
0.5251702070236206
0.6806448698043823
0.5793048739433289
0.5736944079399109
0.5377705097198486
0.6898764371871948
0.5344722270965576
0.5434818863868713
0.556510865688324
0.5473833084106445
0.6560121178627014
0.5834762454032898
0.5592578053474426
0.581626296043396
0.5663776993751526
0.5373690128326416
0.6898208260536194
0.5612132549285889
0.5650259852409363
0.5686435699462891
0.6429648399353027
0.5572813749313354
0.6070824265480042
0.536313533782959
0.5871070027351379
0.59809410572052
0.6458888649940491
0.5314095616340637
0.5987019538879395
0.5405108332633972
0.5911446809768677
0.656341552734375
0.5167771577835083
0.6140287518501282
0.6505085229873657
0.6483345031738281
0.5352936387062073
0.5594050288200378
0.5547613501548767
0.6059483885765076
0.540332555770874
0.5522039532661438
0.5069457292556763
0.6051395535469055
0.5511547327041626
0.5547444820404053
0.7426798939704895
0.5957682132720947
0.5172886848449707
0.6672030091285706
0.5656585097312927
0.6459982991218567
0.517013430595398
0.5893096923828125
0.5612280964851379
0.5386444926261902
0.5522672533988953
0.5256009101867676
0.5715839266777039
0.5505125522613525
0.7427703738212585
0.6183846592903137
0.6871119141578674
0.6094830632209778
0.5721699595451355
0.5927414298057556
0.5675402283668518
0.5861418843269348
0.5835068821907043
0.6289836764335632
0.5561757683753967
0.5176371932029724
0.5350319743156433
0.6438226103782654
0.6103688478469849
0.5142277479171753
0.5981536507606506
0.5460854768753052
0.5477251410484314
0.5631011724472046
0.5583553314208984
0.6062968373298645
0.5093348622322083
0.5210830569267273
0.5668637156486511
0.5414499044418335
0.6606005430221558
0.689001202583313
0.6586237549781799
0.5400242209434509
0.6407324075698853
0.5263136029243469
0.506597638130188
0.5670623779296875
0.7297519445419312
0.5652617812156677
0.6504870653152466
0.6005752682685852
0.5679132342338562
0.6100906729698181
0.6242998242378235
0.5370277166366577
0.5984612703323364
0.5777923464775085
0.5839458703994751
0.5194923281669617
0.5956053137779236
0.5339080691337585
0.5562707185745239
0.5757335424423218
0.5936758518218994
0.6924532651901245
0.5298980474472046
0.5349987149238586
0.6529029011726379
0.5248027443885803
0.6303806900978088
0.5620489716529846
0.5797427892684937
0.7620915174484253
0.6347711086273193
0.5509019494056702
0.5945278406143188
0.5841129422187805
0.6380550265312195
0.5960461497306824
0.5003534555435181
0.7024312019348145
0.5034182667732239
0.5738165974617004
0.5279420018196106
0.5347499251365662
0.5546258687973022
0.6388052701950073
0.558758556842804
0.5751683115959167
0.5012755990028381
0.6391595005989075
0.7509894967079163
0.6489863395690918
0.605449378490448
0.6001670360565186
0.5684511661529541
0.5765773057937622
0.5885457992553711
0.5394281148910522
0.5139737129211426
0.5319907069206238
0.5739765763282776
0.5214092135429382
0.7712534070014954
0.5776886940002441
0.599091649055481
0.5619419813156128
0.5449376702308655
0.5451651811599731
0.6308310031890869
0.670841634273529
0.5615392327308655
0.6130836606025696
0.5191689729690552
0.5727192759513855
0.5589035749435425
0.5051029324531555
0.5384679436683655
0.5029903054237366
0.5092129707336426
0.6257607340812683
0.6282101273536682
0.5812665820121765
0.515268862247467
0.558120846748352
0.628132164478302
0.5157372951507568
0.5648045539855957
0.558840274810791
0.5473735332489014
0.5824881196022034
0.521018922328949
0.6600850820541382
0.6190862655639648
0.5996453762054443
0.5195946097373962
0.519008457660675
0.5164874196052551
0.5421319007873535
0.5684133172035217
0.5490996241569519
0.6044193506240845
0.5110654830932617
0.5958654880523682
0.6319363117218018
0.6283355355262756
0.5020146369934082
0.5255178809165955
0.5786356925964355
0.5910183191299438
0.5551179647445679
0.5289806723594666
0.5803849697113037
0.6197962760925293
0.5071926116943359
0.6127192378044128
0.6064141988754272
0.5100805163383484
0.697761058807373
0.6231129169464111
0.529175341129303
0.5004380941390991
0.514168918132782
0.5237137675285339
0.5097293853759766
0.623231053352356
0.6501141786575317
0.6004981398582458
0.651869535446167
0.5917953252792358
0.6398533582687378
0.5722579956054688
0.6436351537704468
0.7492983937263489
0.5751730799674988
0.5110214948654175
0.567283034324646
0.5660110712051392
0.6514804363250732
0.5469237565994263
0.7469442486763
0.6489352583885193
0.6207920908927917
0.5830738544464111
0.5816066861152649
0.6402649283409119
0.5139837265014648
0.5635026097297668
0.5348436832427979
0.5006430149078369
0.6282228231430054
0.5019007921218872
0.7360988855361938
0.5845605134963989
0.70521479845047
0.5114689469337463
0.5372797250747681
0.6179287433624268
0.5815363526344299
0.5804616808891296
0.5729365944862366
0.6325691938400269
0.6858081221580505
0.5688252449035645
0.5092247128486633
0.581220805644989
0.6001552939414978
0.7340649962425232
0.5032776594161987
0.6639342904090881
0.5641821622848511
0.6106979250907898
0.6199140548706055
0.7064655423164368
0.6300198435783386
0.7917399406433105
0.5571626424789429
0.5533741116523743
0.6330039501190186
0.7529473900794983
0.6106268167495728
0.5930226445198059
0.556644856929779
0.5280182957649231
0.6529985070228577
0.5426831245422363
0.5117619037628174
0.5593037605285645
0.6679299473762512
0.7976523041725159
0.5516747832298279
0.5083380341529846
0.575782299041748
0.5837085843086243
0.5712871551513672
0.523643970489502
0.5855628848075867
0.6105114221572876
0.6107029318809509
0.5613983869552612
0.5920032858848572
0.5785652995109558
0.6845367550849915
0.7291611433029175
0.5864271521568298
0.7306233644485474
0.5586785078048706
0.596327006816864
0.5215978622436523
0.6985307931900024
0.5459541082382202
0.5247595906257629
0.7296379804611206
0.7119414210319519
0.5455963611602783
0.7154309749603271
0.6563313007354736
0.5423564314842224
0.5025750994682312
0.5025702118873596
0.7508032321929932
0.5424322485923767
0.6482728719711304
0.5114338397979736
0.555408239364624
0.623672366142273
0.5802680253982544
0.535944402217865
0.5953335165977478
0.5156442523002625
0.5528656244277954
0.5719987154006958
0.5684221386909485
0.5394914150238037
0.5424020886421204
0.6814545392990112
0.5205539464950562
0.638192355632782
0.5103228092193604
0.608924925327301
0.6519006490707397
0.7867139577865601
0.5221982002258301
0.5100515484809875
0.7982054948806763
0.515091598033905
0.5523775219917297
0.7328206896781921
0.5922441482543945
0.6061426997184753
0.6777400374412537
0.6126065850257874
0.5508251190185547
0.6827774047851562
0.6470639109611511
0.5604037046432495
0.6452956199645996
0.5648643374443054
0.5491816997528076
0.5281436443328857
0.5828170776367188
0.5537508726119995
0.5237362384796143
0.5247999429702759
0.590742290019989
0.6058440208435059
0.5608265399932861
0.6118166446685791
0.5778058171272278
0.6711401343345642
0.5474000573158264
0.6694313883781433
0.6549411416053772
0.5338520407676697
0.5960716605186462
0.5334816575050354
0.6266070604324341
0.6110846996307373
0.5583823919296265
0.5317167639732361
0.7174941897392273
0.5819063186645508
0.6242967247962952
0.6129438877105713
0.5847323536872864
0.5577947497367859
0.7105851769447327
0.517305850982666
0.6222555637359619
0.5405048727989197
0.5714531540870667
0.5391924381256104
0.5361266732215881
0.5076053142547607
0.5702483057975769
0.5441891551017761
0.5194165110588074
0.5275335907936096
0.619962751865387
0.5521559715270996
0.5168362259864807
0.6974086165428162
0.580152690410614
0.5277078747749329
0.5367827415466309
0.6909175515174866
0.660367488861084
0.5446908473968506
0.7105754017829895
0.5547484755516052
0.6650515794754028
0.5699650645256042
0.56862872838974
0.6212373971939087
0.6738429069519043
0.5215539932250977
0.5935818552970886
0.5495490431785583
0.658818781375885
0.6566208600997925
0.6317529678344727
0.5836250185966492
0.7210515737533569
0.6475325226783752
0.7486714720726013
0.5475935935974121
0.5796247124671936
0.5233368277549744
0.6583309769630432
0.6348227858543396
0.5252681374549866
0.705457866191864
0.5752306580543518
0.5121015906333923
0.5180159211158752
0.5229511857032776
0.5566670894622803
0.6837549209594727
0.528438925743103
0.7222766876220703
0.6274304389953613
0.6098662614822388
0.5015066862106323
0.5978865623474121
0.5224152207374573
0.7350008487701416
0.6435850262641907
0.7039585709571838
0.5237838625907898
0.5704383254051208
0.5026736259460449
0.5796898007392883
0.6190621852874756
0.6238149404525757
0.6569649577140808
0.5246517062187195
0.682873547077179
0.7217590808868408
0.5951189994812012
0.5052874088287354
0.5503588914871216
0.6198981404304504
0.6067703366279602
0.5412558913230896
0.5098679661750793
0.549508810043335
0.533236026763916
0.5722548365592957
0.6842706203460693
0.6191931962966919
0.5133816599845886
0.5614166855812073
0.652244508266449
0.6327968239784241
0.6168822050094604
0.502066433429718
0.5389546155929565
0.5237601399421692
0.5364810228347778
0.6201218366622925
0.5440353751182556
0.5296574831008911
0.7481430768966675
0.6768500804901123
0.5959426164627075
0.6078801155090332
0.5738356113433838
0.5298618674278259
0.6618740558624268
0.5192897319793701
0.5997743606567383
0.7426359057426453
0.573169469833374
0.501488208770752
0.6108933091163635
0.549392819404602
0.5151486396789551
0.5767335295677185
0.7597755789756775
0.5976545810699463
0.5511863231658936
0.5155506134033203
0.6469274163246155
0.5838451385498047
0.5443576574325562
0.6214272379875183
0.5084933042526245
0.6212601661682129
0.7232546806335449
0.6074155569076538
0.5060095191001892
0.5145277976989746
0.5263192057609558
0.5892940759658813
0.5594326853752136
0.5957670211791992
0.6169946789741516
0.6712110638618469
0.5456313490867615
0.5421643853187561
0.508826732635498
0.5555688738822937
0.5524810552597046
0.5596086978912354
0.5667340159416199
0.6135039925575256
0.5490512251853943
0.5485098361968994
0.5728585124015808
0.6142553091049194
0.688673734664917
0.5032554268836975
0.7781900763511658
0.5826908349990845
0.5360949039459229
0.6001349091529846
0.5044877529144287
0.5421908497810364
0.5565395355224609
0.6260401010513306
0.6015895009040833
0.6166288256645203
0.6385553479194641
0.5085203051567078
0.5282979607582092
0.526753306388855
0.6575683951377869
0.6039745807647705
0.7465097904205322
0.6756675243377686
0.5937129259109497
0.6102628707885742
0.6033236980438232
0.5398601293563843
0.5103960037231445
0.6198731064796448
0.5231902003288269
0.5651625394821167
0.6023899912834167
0.6688252091407776
0.5501201748847961
0.6173132658004761
0.6189809441566467
0.5894743204116821
0.7170395851135254
0.5804714560508728
0.5023446679115295
0.5037832856178284
0.5038163065910339
0.5146809816360474
0.5313729047775269
0.5344513058662415
0.5717546343803406
0.5020207762718201
0.6138830184936523
0.6742397546768188
0.5645914077758789
0.5875653028488159
0.5974295139312744
0.5966698527336121
0.5970028042793274
0.7162467837333679
0.6068400740623474
0.6785168647766113
0.547903299331665
0.5151426196098328
0.5228353142738342
0.5259427428245544
0.6365840435028076
0.6342311501502991
0.5583542585372925
0.5126963257789612
0.6092606782913208
0.5863379240036011
0.5049982070922852
0.5247254371643066
0.5209535956382751
0.5220020413398743
0.5618488788604736
0.5276011228561401
0.7195768356323242
0.6085410118103027
0.5302386283874512
0.5722835063934326
0.5664156079292297
0.5715118646621704
0.5514704585075378
0.6283435821533203
0.6310237050056458
0.6017666459083557
0.5969076156616211
0.6331059336662292
0.5376210808753967
0.575866162776947
0.544283926486969
0.6137954592704773
0.6414105296134949
0.5294608473777771
0.5701766014099121
0.5794232487678528
0.5621122717857361
0.5167198777198792
0.6036435961723328
0.674760103225708
0.6437586545944214
0.5630512833595276
0.664655864238739
0.5153490900993347
0.5596011877059937
0.6654706597328186
0.6760625839233398
0.6449174880981445
0.6421651840209961
0.731867253780365
0.6929951310157776
0.619264543056488
0.6949610114097595
0.6369219422340393
0.5775578022003174
0.7793869376182556
0.6349155902862549
0.6604114174842834
0.5526515245437622
0.5103539824485779
0.5254655480384827
0.5139738321304321
0.5805961489677429
0.5376644134521484
0.510753333568573
0.5069351196289062
0.5187429189682007
0.5375335216522217
0.5534989237785339
0.5808404088020325
0.5092808604240417
0.527792751789093
0.5258394479751587
0.5823971629142761
0.7516958117485046
0.5509411692619324
0.5467658042907715
0.5800111293792725
0.609423816204071
0.5388772487640381
0.5898786783218384
0.6685081124305725
0.6165753602981567
0.5147360563278198
0.5628761649131775
0.5325765013694763
0.5316104292869568
0.6246767044067383
0.6220729351043701
0.6351509094238281
0.5477976202964783
0.598738968372345
0.5633652806282043
0.592923641204834
0.6575955152511597
0.6137892603874207
0.7281043529510498
0.6059903502464294
0.6962518692016602
0.5436931848526001
0.5676191449165344
0.6530061960220337
0.5940053462982178
0.6693729758262634
0.6835768818855286
0.5161072015762329
0.6172534823417664
0.6348052620887756
0.5262441635131836
0.6337655782699585
0.6377310752868652
0.6387026309967041
0.6934519410133362
0.6806796193122864
0.6225067973136902
0.6345055103302002
0.5815919637680054
0.6885437369346619
0.6987112164497375
0.5076118111610413
0.5673256516456604
0.5595025420188904
0.5163857340812683
0.5253581404685974
0.5311148762702942
0.5420227646827698
0.6281808614730835
0.5770764946937561
0.5717621445655823
0.5347921252250671
0.5799097418785095
0.614514172077179
0.5371414422988892
0.5077394843101501
0.7001245021820068
0.5150573253631592
0.5994020104408264
0.5708708763122559
0.5262530446052551
0.6548738479614258
0.7106661200523376
0.5597289800643921
0.5868555903434753
0.6941141486167908
0.6287999153137207
0.5357164144515991
0.5403579473495483
0.6415472626686096
0.5487312078475952
0.5114938616752625
0.562341570854187
0.7082358598709106
0.5528075695037842
0.6415888071060181
0.6098035573959351
0.5244132876396179
0.5774760842323303
0.5048868060112
0.5573713183403015
0.5746959447860718
0.5372108817100525
0.5955921411514282
0.6877908706665039
0.7208714485168457
0.5508837103843689
0.5782020688056946
0.6945238709449768
0.6147322058677673
0.5739285349845886
0.5865139961242676
0.5394898653030396
0.5915916562080383
0.5741787552833557
0.6404702663421631
0.5874538421630859
0.5555964708328247
0.5370453000068665
0.6668527126312256
0.6377928853034973
0.7596359252929688
0.5048096776008606
0.5126423239707947
0.6001507639884949
0.5783177614212036
0.5282252430915833
0.5256105065345764
0.5660208463668823
0.5592882037162781
0.5115451216697693
0.5685921907424927
0.521894097328186
0.554033637046814
0.535319447517395
0.5040076971054077
0.6197033524513245
0.5741208791732788
0.6428835988044739
0.6531043648719788
0.622471272945404
0.6740773916244507
0.6223549842834473
0.544992983341217
0.5778412222862244
0.514003574848175
0.5921294689178467
0.5556082725524902
0.5488402247428894
0.5671241879463196
0.6714127063751221
0.5161617994308472
0.5517160296440125
0.5925140976905823
0.5665216445922852
0.6197191476821899
0.5298518538475037
0.5351586937904358
0.592968225479126
0.548704981803894
0.5664352178573608
0.5924237966537476
0.594658374786377
0.5216966867446899
0.5683906078338623
0.5380684733390808
0.5571547746658325
0.5211835503578186
0.5195872783660889
0.5953516960144043
0.7235732674598694
0.6294746994972229
0.574760377407074
0.5555895566940308
0.6458383202552795
0.5599225163459778
0.5749668478965759
0.6652400493621826
0.5989336371421814
0.6404871940612793
0.5458492040634155
0.6731488108634949
0.5390253067016602
0.5420351028442383
0.6261732578277588
0.55869460105896
0.5711816549301147
0.5229185223579407
0.5871555209159851
0.563981831073761
0.5355405807495117
0.7486311793327332
0.556490957736969
0.5569189786911011
0.5542846918106079
0.6099085807800293
0.5358381867408752
0.5417659282684326
0.6186960935592651
0.524296760559082
0.6108853220939636
0.5312517285346985
0.5108570456504822
0.5081397891044617
0.6081047058105469
0.5820470452308655
0.508731484413147
0.5549323558807373
0.7100203633308411
0.6930659413337708
0.6132366061210632
0.5317398905754089
0.6242674589157104
0.5257486701011658
0.5432723760604858
0.656074583530426
0.5513286590576172
0.6337181329727173
0.5229362845420837
0.5701509714126587
0.6424641609191895
0.655293345451355
0.5013525485992432
0.5374409556388855
0.671958327293396
0.5193983912467957
0.5143195390701294
0.5820950865745544
0.5804183483123779
0.6201665997505188
0.5593500733375549
0.5258775353431702
0.5768746137619019
0.5396103858947754
0.5406655073165894
0.5337622165679932
0.5850197672843933
0.5322301983833313
0.7329760193824768
0.5259751677513123
0.6738429665565491
0.5201823711395264
0.631016194820404
0.6216398477554321
0.575497031211853
0.5010360479354858
0.5395197868347168
0.5480990409851074
0.5540951490402222
0.6050636768341064
0.5233768820762634
0.5785195231437683
0.5090661644935608
0.6721421480178833
0.6737036108970642
0.5258596539497375
0.7460318803787231
0.6292020082473755
0.5091264247894287
0.5098909139633179
0.6244240999221802
0.5703058242797852
0.6540861129760742
0.7252469658851624
0.5943244099617004
0.6032042503356934
0.6043950319290161
0.5151865482330322
0.600483775138855
0.5857676863670349
0.5499429106712341
0.5226254463195801
0.6297627091407776
0.5678421854972839
0.7608829140663147
0.5563696026802063
0.5018284916877747
0.646739661693573
0.5706049799919128
0.5317643880844116
0.6159658432006836
0.5864418745040894
0.6317717432975769
0.5810075402259827
0.6393486857414246
0.7066006660461426
0.5576015710830688
0.5035713315010071
0.5510200262069702
0.559745728969574
0.5228341817855835
0.5709187388420105
0.5557553768157959
0.5164268612861633
0.5384141206741333
0.5422638058662415
0.5012396574020386
0.5227580070495605
0.575053334236145
0.7910217642784119
0.6082805395126343
0.6446351408958435
0.6776105761528015
0.5108233094215393
0.5352429747581482
0.5636942386627197
0.6783571243286133
0.5852543115615845
0.56402188539505
0.5133951902389526
0.556721568107605
0.6297984719276428
0.5532216429710388
0.5753646492958069
0.6706058979034424
0.6849167943000793
0.5602747797966003
0.5951294302940369
0.6166231632232666
0.5722362399101257
0.5003736615180969
0.7020278573036194
0.7514145374298096
0.5137823820114136
0.665669322013855
0.5714221596717834
0.5873872637748718
0.6620229482650757
0.7523717284202576
0.5408148169517517
0.536359965801239
0.7876463532447815
0.5425795912742615
0.6374695897102356
0.5964388251304626
0.5568490028381348
0.6858090758323669
0.6193210482597351
0.6898545622825623
0.6504523158073425
0.627406656742096
0.556090235710144
0.5757514834403992
0.5260668396949768
0.645544171333313
0.5997054576873779
0.6055165529251099
0.5133240222930908
0.5309944152832031
0.576640248298645
0.6455311179161072
0.5366910696029663
0.5235339999198914
0.5401287078857422
0.5074517726898193
0.5251636505126953
0.5716763734817505
0.6262243390083313
0.5722152590751648
0.5966798067092896
0.5130708813667297
0.6391699314117432
0.5621874332427979
0.52010577917099
0.6520386934280396
0.5459762215614319
0.5060552954673767
0.6548841595649719
0.5419862866401672
0.5723304748535156
0.6166720986366272
0.628098726272583
0.5627247095108032
0.5671586990356445
0.5091800689697266
0.5275747776031494
0.5484218597412109
0.5679100751876831
0.613768458366394
0.5409640073776245
0.5011882185935974
0.6247692704200745
0.6011994481086731
0.5248124599456787
0.5706005096435547
0.5960979461669922
0.549714207649231
0.6597540378570557
0.5670627951622009
0.6642695069313049
0.7551119923591614
0.6457275152206421
0.7294864654541016
0.5316486358642578
0.5454080104827881
0.6271390914916992
0.6059882640838623
0.6228043437004089
0.6307710409164429
0.660651683807373
0.5466871857643127
0.5134610533714294
0.6549239754676819
0.7194560170173645
0.5701295733451843
0.5702828764915466
0.540656566619873
0.5624282360076904
0.691127359867096
0.5299211144447327
0.5748832821846008
0.5186944007873535
0.6341299414634705
0.5509646534919739
0.5259321928024292
0.5326126217842102
0.5668879747390747
0.5025263428688049
0.5343734622001648
0.7523597478866577
0.5216214060783386
0.539048433303833
0.5355362892150879
0.5253852605819702
0.5639009475708008
0.5027693510055542
0.5526485443115234
0.5503191351890564
0.6091191172599792
0.5956552624702454
0.5870339870452881
0.5327428579330444
0.5063351392745972
0.5934574604034424
0.5247803926467896
0.7454420924186707
0.5325178503990173
0.6084796786308289
0.592884361743927
0.5579658150672913
0.5738655924797058
0.5001696348190308
0.6310312151908875
0.5292031168937683
0.5917584896087646
0.5211385488510132
0.5905950665473938
0.6105791330337524
0.56026691198349
0.6355102062225342
0.5588245987892151
0.6181772351264954
0.6860592365264893
0.5286855697631836
0.5157841444015503
0.5142163634300232
0.512121856212616
0.6294103860855103
