0.28764083981513977
0.45243918895721436
0.4317623972892761
0.3276277184486389
0.35570788383483887
0.3988947868347168
0.4353734850883484
0.22682158648967743
0.4754212498664856
0.4541141986846924
0.42884328961372375
0.48546671867370605
0.3856828808784485
0.3927660882472992
0.473726361989975
0.36573317646980286
0.4586750268936157
0.4771672487258911
0.48667192459106445
0.336163729429245
0.4133248031139374
0.3726181387901306
0.475212961435318
0.41380825638771057
0.36562326550483704
0.3239413797855377
0.43799665570259094
0.36310186982154846
0.3606201410293579
0.4886906147003174
0.4687354862689972
0.49093320965766907
0.45976296067237854
0.3748270571231842
0.3772669732570648
0.43149909377098083
0.48327210545539856
0.3506070673465729
0.43283453583717346
0.4849279820919037
0.385980486869812
0.4606970250606537
0.4237581491470337
0.4761791229248047
0.4181015193462372
0.40948203206062317
0.3869873583316803
0.49293389916419983
0.34559789299964905
0.3502304255962372
0.49296480417251587
0.341786652803421
0.4526185989379883
0.4288569688796997
0.27276796102523804
0.33046871423721313
0.3767530024051666
0.4804578721523285
0.4054211676120758
0.49553611874580383
0.35851410031318665
0.3704932928085327
0.45430031418800354
0.44796469807624817
0.397982120513916
0.4908038377761841
0.4035171568393707
0.41135337948799133
0.4859040677547455
0.37725985050201416
0.38649120926856995
0.3296894133090973
0.3511526584625244
0.43608540296554565
0.3361187279224396
0.4757632911205292
0.4931587874889374
0.33216068148612976
0.39684244990348816
0.29659566283226013
0.370995432138443
0.4361268877983093
0.43113428354263306
0.34380659461021423
0.4034213423728943
0.4861769378185272
0.44649311900138855
0.38116276264190674
0.37887251377105713
0.404610812664032
0.4792024493217468
0.41995370388031006
0.4566724896430969
0.4084361791610718
0.35477423667907715
0.4453548789024353
0.3707013726234436
0.3203042149543762
0.42853596806526184
0.404705286026001
0.3327806890010834
0.3885447680950165
0.49386855959892273
0.4810623228549957
0.3853919506072998
0.39024674892425537
0.4729529917240143
0.4798765778541565
0.4019266366958618
0.49633896350860596
0.31548646092414856
0.482195109128952
0.38754579424858093
0.37511762976646423
0.3934621810913086
0.43827566504478455
0.2906011641025543
0.3609836995601654
0.46947818994522095
0.3936291038990021
0.3606584370136261
0.39082828164100647
0.2880930006504059
0.3294648230075836
0.446149080991745
0.42272651195526123
0.4240628778934479
0.44214192032814026
0.49338218569755554
0.454841673374176
0.3355656564235687
0.34269848465919495
0.490828275680542
0.4542235732078552
0.37764668464660645
0.41845259070396423
0.4728126525878906
0.4112851023674011
0.48850974440574646
0.3521597683429718
0.4523172676563263
0.40350425243377686
0.4547630250453949
0.4992768168449402
0.34410950541496277
0.44219040870666504
0.2506061792373657
0.39128589630126953
0.3495941162109375
0.4594033658504486
0.36986690759658813
0.48498740792274475
0.4110177159309387
0.46719294786453247
0.49714329838752747
0.3664599061012268
0.389081746339798
0.44233259558677673
0.44828149676322937
0.2522982656955719
0.4926041066646576
0.49388474225997925
0.4690045714378357
0.4345467686653137
0.42531827092170715
0.463898628950119
0.49547627568244934
0.37688201665878296
0.30748629570007324
0.3344452977180481
0.21221975982189178
0.47035694122314453
0.4541284143924713
0.48164626955986023
0.43421313166618347
0.46662288904190063
0.30463337898254395
0.46450603008270264
0.4857766032218933
0.42844149470329285
0.455321341753006
0.4844134449958801
0.36794042587280273
0.3166288733482361
0.4842545688152313
0.292662650346756
0.4722434878349304
0.4426053464412689
0.36276325583457947
0.4993914067745209
0.4709516167640686
0.3844141364097595
0.4593111276626587
0.3760283589363098
0.481637179851532
0.40275606513023376
0.4097389578819275
0.387191504240036
0.4696413576602936
0.42405015230178833
0.478805273771286
0.47468024492263794
0.4191720485687256
0.46183958649635315
0.36364683508872986
0.4118458926677704
0.4253275990486145
0.3902767300605774
0.46783533692359924
0.4335137605667114
0.4229472577571869
0.4447547495365143
0.47561147809028625
0.4583945572376251
0.4801785945892334
0.44996964931488037
0.42543312907218933
0.4142439067363739
0.45158129930496216
0.39526015520095825
0.3566911816596985
0.4802948534488678
0.468300461769104
0.28898659348487854
0.497590035200119
0.49274447560310364
0.41519612073898315
0.4265728294849396
0.46154946088790894
0.22391319274902344
0.41329237818717957
0.4938849210739136
0.3947855532169342
0.4591856002807617
0.4669460952281952
0.30899161100387573
0.4548349380493164
0.394986093044281
0.3755418360233307
0.48050418496131897
0.4713166058063507
0.49388086795806885
0.4313996732234955
0.38254866003990173
0.37864717841148376
0.42934033274650574
0.43514129519462585
0.4426703155040741
0.41511252522468567
0.4817289710044861
0.3861192464828491
0.4424089193344116
0.4144417643547058
0.45530688762664795
0.3242018222808838
0.2976904511451721
0.49696364998817444
0.3437824845314026
0.3349114954471588
0.4854833781719208
0.4052130877971649
0.35479381680488586
0.38449493050575256
0.412772536277771
0.40566977858543396
0.4422961175441742
0.48916324973106384
0.24190475046634674
0.3506554961204529
0.41619768738746643
0.3011733889579773
0.3977423310279846
0.4710272550582886
0.44897741079330444
0.4718259274959564
0.40817728638648987
0.3401828706264496
0.38653796911239624
0.4447314441204071
0.266851544380188
0.3909671902656555
0.32379862666130066
0.44629403948783875
0.36973559856414795
0.47251665592193604
0.38244301080703735
0.37292933464050293
0.46034279465675354
0.45696622133255005
0.3894713521003723
0.4895640015602112
0.389996737241745
0.4505845904350281
0.44402676820755005
0.4234113097190857
0.410231351852417
0.4762626886367798
0.2055814117193222
0.4760792851448059
0.36637210845947266
0.4156777858734131
0.4383385181427002
0.46860644221305847
0.4112355411052704
0.4054923355579376
0.36901208758354187
0.37941446900367737
0.35910549759864807
0.45173388719558716
0.4486181437969208
0.34978774189949036
0.45720207691192627
0.31873536109924316
0.4156123399734497
0.26041683554649353
0.4308190643787384
0.4917517900466919
0.4816833734512329
0.39493608474731445
0.38274478912353516
0.4094099998474121
0.4278469979763031
0.4582687318325043
0.4452826976776123
0.4017470180988312
0.4352841079235077
0.49789664149284363
0.3848435878753662
0.48075613379478455
0.26776397228240967
0.4638139307498932
0.4912101924419403
0.3342821002006531
0.43789777159690857
0.3588813841342926
0.3847649097442627
0.457404762506485
0.4980040192604065
0.46333619952201843
0.46540316939353943
0.4722595512866974
0.4843316972255707
0.47662103176116943
0.396351158618927
0.36264657974243164
0.4198254346847534
0.4790670871734619
0.3924368917942047
0.44208860397338867
0.378848671913147
0.44190776348114014
0.2985381782054901
0.48413732647895813
0.4818066656589508
0.44389909505844116
0.4294547736644745
0.464219331741333
0.493611216545105
0.39394867420196533
0.4624127149581909
0.4316791594028473
0.3899199962615967
0.28564944863319397
0.3311387896537781
0.4063272178173065
0.3953028917312622
0.2489064633846283
0.4516771733760834
0.3724963963031769
0.41135895252227783
0.3330805003643036
0.32562384009361267
0.4883233904838562
0.45393896102905273
0.3046136498451233
0.41050124168395996
0.465455025434494
0.47749942541122437
0.42285245656967163
0.41671258211135864
0.43692460656166077
0.3781673312187195
0.4780438542366028
0.37512150406837463
0.46351662278175354
0.4801747500896454
0.32975831627845764
0.4769861698150635
0.42593279480934143
0.47536998987197876
0.32633376121520996
0.39660871028900146
0.441782683134079
0.4921566843986511
0.35668066143989563
0.4884311258792877
0.30789703130722046
0.4579847455024719
0.2871261239051819
0.31762930750846863
0.32984283566474915
0.427555650472641
0.4202638864517212
0.39916202425956726
0.3874222934246063
0.34954652190208435
0.4799225926399231
0.33094465732574463
0.37002265453338623
0.2174893319606781
0.44921430945396423
0.4785445034503937
0.498566210269928
0.3773440420627594
0.49165669083595276
0.4119873344898224
0.47032561898231506
0.3302478790283203
0.40357518196105957
0.42759186029434204
0.33804458379745483
0.4722726345062256
0.4469754993915558
0.4682809114456177
0.3391762673854828
0.3449236750602722
0.4070258140563965
0.3505873382091522
0.4850407838821411
0.47227951884269714
0.4634932577610016
0.47904711961746216
0.4000544548034668
0.43524399399757385
0.4082491099834442
0.45423048734664917
0.42545387148857117
0.4467601776123047
0.46316882967948914
0.45666059851646423
0.3708350658416748
0.45485204458236694
0.4994930028915405
0.47850340604782104
0.3916563093662262
0.3929542601108551
0.4009338617324829
0.4199613630771637
0.4250815510749817
0.4409796893596649
0.32336875796318054
0.4689718782901764
0.41957539319992065
0.47234946489334106
0.36662557721138
0.45964089035987854
0.40072518587112427
0.45127981901168823
0.4466053545475006
0.44531744718551636
0.4099277853965759
0.4744473695755005
0.3530820608139038
0.4203185439109802
0.3108038604259491
0.44237202405929565
0.35532036423683167
0.3709394931793213
0.39564502239227295
0.39613670110702515
0.37617459893226624
0.30748358368873596
0.3111056983470917
0.42047086358070374
0.4532923102378845
0.437065452337265
0.41226863861083984
0.4756869375705719
0.3588064908981323
0.4732985496520996
0.43612372875213623
0.3428133726119995
0.37275514006614685
0.3648599684238434
0.4280968904495239
0.3269910216331482
0.48277944326400757
0.4425400197505951
0.47090569138526917
0.45946165919303894
0.4075648784637451
0.43857887387275696
0.3662281930446625
0.4886535406112671
0.44893643260002136
0.33897483348846436
0.4021342992782593
0.2554517090320587
0.3929302990436554
0.4570300579071045
0.4850651025772095
0.3872145116329193
0.3944160044193268
0.3571876585483551
0.36435312032699585
0.47429078817367554
0.4708675742149353
0.4230765402317047
0.4769899547100067
0.46459469199180603
0.4783034324645996
0.31877344846725464
0.4469050467014313
0.4846508204936981
0.4502917528152466
0.3146190941333771
0.4412936568260193
0.4793892800807953
0.429883748292923
0.4557533860206604
0.49505889415740967
0.42025500535964966
0.3696514070034027
0.48730114102363586
0.47461795806884766
0.3678823709487915
0.3562452793121338
0.45642751455307007
0.4961111545562744
0.37874263525009155
0.4695166051387787
0.27433088421821594
0.47715437412261963
0.3908720910549164
0.4514194130897522
0.4430924952030182
0.40426552295684814
0.34392258524894714
0.45625069737434387
0.2527378797531128
0.49787428975105286
0.37485605478286743
0.29578697681427
0.3808422088623047
0.46833476424217224
0.317281037569046
0.2986467182636261
0.4275204837322235
0.3157747983932495
0.4911959767341614
0.4391646087169647
0.3525887131690979
0.4432736933231354
0.4538225531578064
0.4429761469364166
0.39967089891433716
0.4945453405380249
0.3789348900318146
0.4311857521533966
0.38411393761634827
0.43741318583488464
0.28236377239227295
0.448855459690094
0.41718530654907227
0.3650229275226593
0.39538073539733887
0.36798086762428284
0.4887318015098572
0.45388999581336975
0.3997395634651184
0.47126609086990356
0.3136855363845825
0.48251596093177795
0.4566417932510376
0.3996643126010895
0.342923641204834
0.4293377995491028
0.48079830408096313
0.4881500005722046
0.49172544479370117
0.414212703704834
0.34211936593055725
0.36938580870628357
0.3917942941188812
0.28662386536598206
0.4660189747810364
0.3160390853881836
0.28766974806785583
0.4465445876121521
0.3283619284629822
0.476255863904953
0.4290333390235901
0.31923896074295044
0.43696874380111694
0.3265986740589142
0.39349091053009033
0.4542931914329529
0.43067964911460876
0.37011101841926575
0.4107497036457062
0.25912535190582275
0.4280620813369751
0.37290963530540466
0.4121761620044708
0.3348415493965149
0.4456346035003662
0.4043891727924347
0.38057708740234375
0.4969032108783722
0.3662779927253723
0.48786887526512146
0.3669946789741516
0.36762866377830505
0.41611993312835693
0.3975856602191925
0.4592963457107544
0.31614410877227783
0.48398828506469727
0.45051732659339905
0.44012048840522766
0.3993297815322876
0.47127118706703186
0.34503790736198425
0.4649015963077545
0.4196162819862366
0.48108330368995667
0.4552178382873535
0.48510095477104187
0.27932193875312805
0.42368778586387634
0.4701375365257263
0.3599613606929779
0.27256476879119873
0.4582844078540802
0.4301617741584778
0.326640248298645
0.3971564471721649
0.43505674600601196
0.49938756227493286
0.43970978260040283
0.4800631105899811
0.3531252443790436
0.48691728711128235
0.22512073814868927
0.4988563358783722
0.44561782479286194
0.47555869817733765
0.37617433071136475
0.38974568247795105
0.27780136466026306
0.3617148697376251
0.4621289372444153
0.3682209849357605
0.3113965094089508
0.49262773990631104
0.48877424001693726
0.3718874156475067
0.4619157910346985
0.444036066532135
0.4504760205745697
0.38939616084098816
0.43785473704338074
0.4964679479598999
0.44476404786109924
0.41907429695129395
0.4812992215156555
0.4609975516796112
0.3238781988620758
0.41740506887435913
0.4598762094974518
0.37493112683296204
0.3308100402355194
0.3650079667568207
0.46220651268959045
0.4587968587875366
0.16444586217403412
0.39569440484046936
0.36544767022132874
0.3877291977405548
0.4425085484981537
0.39314034581184387
0.3272745609283447
0.46486833691596985
0.3920687437057495
0.45187145471572876
0.44744306802749634
0.39481601119041443
0.49570369720458984
0.39533644914627075
0.47104066610336304
0.43266740441322327
0.34611794352531433
0.45855987071990967
0.34431877732276917
0.4150111973285675
0.4859260320663452
0.3967110514640808
0.4399791955947876
0.49664318561553955
0.3475557565689087
0.33140161633491516
0.3897758424282074
0.49674391746520996
0.49141180515289307
0.4825124144554138
0.34762075543403625
0.4804871380329132
0.41873615980148315
0.407123863697052
0.4849744141101837
0.4155217409133911
0.4897176921367645
0.45754045248031616
0.3050089478492737
0.410864919424057
0.4314437210559845
0.38866496086120605
0.4625035524368286
0.3706943690776825
0.4992262125015259
0.3680068552494049
0.4116576015949249
0.3813060522079468
0.34789979457855225
0.450217604637146
0.44400662183761597
0.3540082275867462
0.3691648244857788
0.42576032876968384
0.4886935353279114
0.37305158376693726
0.4007043242454529
0.2174977958202362
0.3453458547592163
0.37575915455818176
0.4447728395462036
0.38292020559310913
0.26549476385116577
0.4310414493083954
0.42042484879493713
0.31365281343460083
0.37420588731765747
0.4677271544933319
0.45301324129104614
0.2318776249885559
0.4643269181251526
0.4001545011997223
0.42579716444015503
0.49538949131965637
0.46624767780303955
0.30195027589797974
0.4031051695346832
0.3569026589393616
0.4959836006164551
0.4985751211643219
0.4395945966243744
0.41452306509017944
0.3321457803249359
0.3494075834751129
0.40105220675468445
0.47525814175605774
0.4803923964500427
0.326223760843277
0.4635142683982849
0.4456002116203308
0.44915643334388733
0.4957636296749115
0.40287917852401733
0.40552061796188354
0.42026758193969727
0.2203086018562317
0.4770791232585907
0.4045184552669525
0.4960925579071045
0.3302212953567505
0.4561421275138855
0.38338321447372437
0.4106255769729614
0.4244897663593292
0.3947107195854187
0.39023587107658386
0.42686328291893005
0.30748841166496277
0.4384152293205261
0.38681942224502563
0.43437719345092773
0.46534910798072815
0.33047187328338623
0.4959453046321869
0.4140113294124603
0.3069634735584259
0.49932050704956055
0.297360360622406
0.4256688356399536
0.3051561117172241
0.45957866311073303
0.42211630940437317
0.41496020555496216
0.4279901683330536
0.4138457477092743
0.45081430673599243
0.370390921831131
0.43377387523651123
0.4587962329387665
0.4951772093772888
0.2859753966331482
0.4971808195114136
0.46024012565612793
0.4867664575576782
0.4289115369319916
0.3421931266784668
0.4422096908092499
0.3321444094181061
0.41006043553352356
0.4375176429748535
0.39805981516838074
0.4723513424396515
0.4076526463031769
0.4021669328212738
0.4990990459918976
0.46824344992637634
0.3854306638240814
0.4178641736507416
0.4406416118144989
0.37424322962760925
0.3981357216835022
0.38433316349983215
0.37354719638824463
0.3956536650657654
0.4603990614414215
0.47018060088157654
0.3175112009048462
0.4590124189853668
0.4982551336288452
0.412008672952652
0.3676360547542572
0.39900246262550354
0.4833930730819702
0.44476258754730225
0.4106880724430084
0.31163227558135986
0.4251694083213806
0.28574422001838684
0.40473493933677673
0.3888775110244751
0.4609338045120239
0.42875024676322937
0.36441758275032043
0.4449307918548584
0.4398580491542816
0.47089332342147827
0.43742674589157104
0.48287150263786316
0.40531468391418457
0.44529324769973755
0.3799954354763031
0.46464377641677856
0.3750838339328766
0.2111234962940216
0.4433204233646393
0.3325801193714142
0.41328921914100647
0.41272035241127014
0.45478782057762146
0.4400424063205719
0.45882847905158997
0.43285325169563293
0.4752049148082733
0.3699154555797577
0.4787474274635315
0.3685781955718994
0.4018268585205078
0.4789484441280365
0.3221943974494934
0.4370092451572418
0.4643629193305969
0.45164749026298523
0.25389108061790466
0.4888935685157776
0.44987133145332336
0.46549972891807556
0.44844821095466614
0.45245370268821716
0.22086718678474426
0.4617125391960144
0.47154343128204346
0.38299188017845154
0.4255049526691437
0.34191569685935974
0.37234795093536377
0.32959604263305664
0.4397914409637451
0.3885386884212494
0.3323461413383484
0.43090033531188965
0.3417317569255829
0.4242895841598511
0.3943473696708679
0.40386122465133667
0.430898517370224
0.4110407829284668
0.44462934136390686
0.2519800066947937
0.49615710973739624
0.37653377652168274
0.34285375475883484
0.42654162645339966
0.4172716736793518
0.3544330298900604
0.4593401253223419
0.43466758728027344
0.25420501828193665
0.492366760969162
0.32028472423553467
0.22247231006622314
0.44434455037117004
0.41715967655181885
0.4526640474796295
0.42741096019744873
0.48649680614471436
0.4831022620201111
0.49258920550346375
0.48338836431503296
0.39431387186050415
0.45478248596191406
0.4976806044578552
0.40198493003845215
0.36085960268974304
0.4500637948513031
0.35805177688598633
0.38518616557121277
0.4879191517829895
0.3417954444885254
0.31689101457595825
0.3711628019809723
0.4862460494041443
0.4720396399497986
0.4809363782405853
0.3488624691963196
0.3509773910045624
0.4099312722682953
0.4308431148529053
0.47475314140319824
0.34976401925086975
0.4663274884223938
0.3827058672904968
0.3709312677383423
0.3192831575870514
0.4777510166168213
0.45348313450813293
0.28164470195770264
0.35400310158729553
0.487920343875885
0.38996726274490356
0.4741784632205963
0.28304946422576904
0.37889188528060913
0.48541659116744995
0.4542901813983917
0.40083611011505127
0.3597566783428192
0.4180908799171448
0.3625427782535553
0.43166351318359375
0.4078730642795563
0.3919602632522583
0.4634639620780945
0.4938807189464569
0.30288931727409363
0.3341411054134369
0.4800526201725006
0.4753156900405884
0.47300440073013306
0.44398748874664307
0.4148058593273163
0.3847004771232605
0.4595668911933899
0.39411550760269165
0.37264448404312134
0.3851775527000427
0.3595067262649536
0.41889041662216187
0.4919673204421997
0.4237236976623535
0.41461724042892456
0.2760542929172516
0.46719399094581604
0.42659780383110046
0.26581871509552
0.4582960605621338
0.4446733295917511
0.21120205521583557
0.4844352900981903
0.42338451743125916
0.4961569905281067
0.39212313294410706
0.4126051962375641
0.4283836781978607
0.43105506896972656
0.3965027928352356
0.47280317544937134
0.4893644452095032
0.48826780915260315
0.3863086402416229
0.43289715051651
0.3155481219291687
0.37237638235092163
0.48507794737815857
0.35329335927963257
0.4901754856109619
0.46680232882499695
0.31400638818740845
0.3633958101272583
0.496030330657959
0.34277254343032837
0.4979354441165924
0.4332443177700043
0.4885205924510956
0.4860721528530121
0.47962668538093567
0.3972502648830414
0.3269582986831665
0.4503801763057709
0.4382750391960144
0.49402227997779846
0.29976436495780945
0.26848435401916504
0.3725025951862335
0.39136675000190735
0.3530052900314331
0.2272469401359558
0.4503060579299927
0.42397618293762207
0.36502590775489807
0.4335104525089264
0.42954978346824646
0.46715041995048523
0.42519277334213257
0.4849174916744232
0.4452745318412781
0.3766219913959503
0.4064159393310547
0.4932407736778259
0.37137994170188904
0.33332863450050354
0.37914273142814636
0.3937479853630066
0.32146692276000977
0.344873309135437
0.42692339420318604
0.3544137477874756
0.28538110852241516
0.4036549925804138
0.486106812953949
0.3850517272949219
0.4601219892501831
0.4696347415447235
0.4613635241985321
0.3593316972255707
0.32904261350631714
0.43206271529197693
0.4242883622646332
0.3958815038204193
0.41860002279281616
0.4185303747653961
0.4597432613372803
0.365178644657135
0.49565213918685913
0.41797229647636414
0.4427911639213562
0.4509589374065399
0.4729618728160858
0.4433284103870392
0.4466809928417206
0.3970189690589905
0.46666625142097473
0.4340936839580536
0.4596908986568451
0.2964554727077484
0.47987082600593567
0.4666847884654999
0.35468557476997375
0.4067395329475403
0.43326616287231445
0.4325331747531891
0.36601322889328003
0.49980834126472473
0.27081772685050964
0.4745286703109741
0.37891677021980286
0.49895811080932617
0.45457717776298523
0.49684736132621765
0.4549535810947418
0.3352510929107666
0.47273319959640503
0.4846387207508087
0.401304692029953
0.43453627824783325
0.4064013361930847
0.40580838918685913
0.47042736411094666
0.30709245800971985
0.44277942180633545
0.33561521768569946
0.35310500860214233
0.42505398392677307
0.4815136194229126
0.40463173389434814
0.4180169105529785
0.4550595283508301
0.377355694770813
0.3980197012424469
0.16355130076408386
0.36774882674217224
0.33046799898147583
0.4757689833641052
0.45985764265060425
0.36238518357276917
0.40301424264907837
0.4696316123008728
0.33489930629730225
0.3219887912273407
0.4184350073337555
0.4710536003112793
0.24241550266742706
0.3649757206439972
0.41407978534698486
0.47824642062187195
0.44562220573425293
0.4656500816345215
0.2760380506515503
0.47908082604408264
0.463163822889328
0.29298287630081177
0.46230557560920715
0.46478909254074097
0.282582551240921
0.44612252712249756
0.46397191286087036
0.4645567834377289
0.38061773777008057
0.45822784304618835
0.49178311228752136
0.4813333749771118
0.3549169600009918
0.367336630821228
0.47195494174957275
0.4668181836605072
0.3502066433429718
0.3706245720386505
0.44238966703414917
0.4822760224342346
0.4184698462486267
0.4063900411128998
0.4112805128097534
0.4467969834804535
0.36235252022743225
0.44473183155059814
0.4260326027870178
0.3314686417579651
0.40331608057022095
0.41302594542503357
0.44165441393852234
0.457892507314682
0.3975105583667755
0.49839815497398376
0.4021354019641876
0.41383272409439087
0.4455428719520569
0.4366747736930847
0.48765280842781067
0.4435933232307434
0.47972601652145386
0.45008713006973267
0.289423406124115
0.4916469156742096
0.4865950047969818
0.37507787346839905
0.48588690161705017
0.29200470447540283
0.41169387102127075
0.309999942779541
0.26998844742774963
0.41797465085983276
0.4691046476364136
0.39240720868110657
0.34829652309417725
0.42363423109054565
0.476926326751709
0.43398281931877136
0.36270642280578613
0.3148159682750702
0.478899210691452
0.43835633993148804
0.4716642200946808
0.44837960600852966
0.48072630167007446
0.3916301429271698
0.3597427308559418
0.46252042055130005
0.4262702465057373
0.2782224118709564
0.471173495054245
0.3769005239009857
0.49220412969589233
0.28694504499435425
0.4214051067829132
0.48143845796585083
0.38164737820625305
0.42756277322769165
0.46124398708343506
0.47707873582839966
0.4751806855201721
0.43170058727264404
0.4709251821041107
0.3554150462150574
0.4034370183944702
0.3304041624069214
0.4216400682926178
0.49230295419692993
0.4796218276023865
0.49329522252082825
0.4333886504173279
0.39030420780181885
0.4914996027946472
0.43921175599098206
0.4004107713699341
0.49178367853164673
0.4285541772842407
0.3456149399280548
0.4899515211582184
0.368657648563385
0.302262544631958
0.3984628915786743
0.47397905588150024
0.33903518319129944
0.4172491431236267
0.30418461561203003
0.4959227740764618
0.38638752698898315
0.4607974588871002
0.4814831614494324
0.37105944752693176
0.2776739001274109
0.4871806502342224
0.33812659978866577
0.33159151673316956
0.46031856536865234
0.46939244866371155
0.4291888475418091
0.30813509225845337
0.4426436126232147
0.4111539423465729
0.41369521617889404
0.31039249897003174
0.40761083364486694
0.4510616660118103
0.4492048919200897
0.3828907310962677
0.21164661645889282
0.36613425612449646
0.4815993010997772
0.44621312618255615
0.4708518981933594
0.3270012140274048
0.4571925699710846
0.44994059205055237
0.4339144229888916
0.3928978145122528
0.408502459526062
0.3947913646697998
0.37870946526527405
0.32625776529312134
0.36731088161468506
0.49492743611335754
0.4915914237499237
0.4000761806964874
0.45857858657836914
0.4782131612300873
0.35151731967926025
0.39929333329200745
0.48367923498153687
0.3648158609867096
0.4580785036087036
0.4959118664264679
0.4805144965648651
0.388313353061676
0.3020751476287842
0.3911331295967102
0.41516223549842834
0.47012898325920105
0.450101763010025
0.4565414488315582
0.44982290267944336
0.49113157391548157
0.43650510907173157
0.4020983874797821
0.39213934540748596
0.4768320620059967
0.4924600422382355
0.4403347671031952
0.4074178636074066
0.4223429262638092
0.49422064423561096
0.3173471987247467
0.4559206962585449
0.49561455845832825
0.49678170680999756
0.306991308927536
0.3676937520503998
0.40104401111602783
0.4106671214103699
0.4425828456878662
0.49604880809783936
0.4042362570762634
0.4976535141468048
0.35919249057769775
0.4138285219669342
0.44596660137176514
0.4679550528526306
0.49152493476867676
0.3515338599681854
0.36990833282470703
0.46371281147003174
0.4452493488788605
0.455697238445282
0.3752032518386841
0.4825747013092041
0.34794849157333374
0.4994925260543823
0.460004985332489
0.2671322226524353
0.3385990858078003
0.4069557785987854
0.3787272274494171
0.37679144740104675
0.2933758795261383
0.41229677200317383
0.3889715075492859
0.3710987865924835
0.4514548182487488
0.4898732900619507
0.332528293132782
0.42436668276786804
0.4181259274482727
0.4159904718399048
0.49696236848831177
0.3917790651321411
0.4192225933074951
0.34656473994255066
0.23072925209999084
0.3225330710411072
0.39438456296920776
0.46516484022140503
0.4035416543483734
0.42439308762550354
0.36224788427352905
0.4929296672344208
0.4463236927986145
0.4028455317020416
0.4305778443813324
0.471163809299469
0.34003546833992004
0.4925541877746582
0.47345423698425293
0.4254187047481537
0.4654558598995209
0.4211083650588989
0.4755224287509918
0.3551429808139801
0.3141804039478302
0.49220648407936096
0.35596156120300293
0.4462638795375824
0.4015372097492218
0.48088791966438293
0.31800439953804016
0.4544887840747833
0.3607145845890045
0.3018856346607208
0.3529440462589264
0.4669521152973175
0.24209575355052948
0.46650755405426025
0.48291414976119995
0.37271565198898315
0.4349275231361389
0.36899179220199585
0.48044702410697937
0.4252154231071472
0.32675042748451233
0.49838027358055115
0.4209379553794861
0.3246009647846222
0.4879576563835144
0.33535611629486084
0.4551924169063568
0.3862050473690033
0.43283769488334656
0.39143145084381104
0.42439454793930054
0.44343996047973633
0.2818029224872589
0.4271111786365509
0.47533363103866577
0.4564032256603241
0.40458327531814575
0.4996444284915924
0.3251279294490814
0.3060692548751831
0.4675639271736145
0.38449758291244507
0.3591748774051666
0.44700706005096436
0.3305852711200714
0.3006017506122589
0.46928930282592773
0.43386101722717285
0.4397604167461395
0.33891284465789795
0.46571630239486694
0.2690005600452423
0.26270434260368347
0.42397522926330566
0.4380263090133667
0.31293120980262756
0.3398323059082031
0.2406882494688034
0.4973466694355011
0.4191344976425171
0.46309515833854675
0.3541942536830902
0.4936734735965729
0.3901357352733612
0.4071846008300781
0.2618461549282074
0.3761773407459259
0.2902846038341522
0.47484278678894043
0.4588720500469208
0.34448277950286865
0.39207834005355835
0.4229902923107147
0.4657423496246338
0.43784499168395996
0.4131341576576233
0.4403730630874634
0.4263816475868225
0.3202359080314636
0.3352969288825989
0.4021296799182892
0.36209484934806824
0.4784168004989624
0.34107473492622375
0.34916380047798157
0.4190719425678253
0.49474552273750305
0.4656278192996979
0.4399058520793915
0.38473066687583923
0.4546470642089844
0.447618693113327
0.47322961688041687
0.48535698652267456
0.40836045145988464
0.32361483573913574
0.41007575392723083
0.28414151072502136
0.44706758856773376
0.4743127226829529
0.4416947662830353
0.45202872157096863
0.37360522150993347
0.49796757102012634
0.3571089208126068
0.43321534991264343
0.3184734284877777
0.43610748648643494
0.4485757052898407
0.49438050389289856
0.3892393112182617
0.44589006900787354
0.47650596499443054
0.4651927947998047
0.4375191330909729
0.48159438371658325
0.39765074849128723
0.46406134963035583
0.45212432742118835
0.48571136593818665
0.485210657119751
0.32645606994628906
0.24707035720348358
0.4131248891353607
0.3085961937904358
0.44587233662605286
0.3390906751155853
0.371188759803772
0.40068045258522034
0.444415420293808
0.27400368452072144
0.3291603922843933
0.2936638593673706
0.4616585969924927
0.3234522342681885
0.43640872836112976
0.4010562598705292
0.4810691475868225
0.36975452303886414
0.3653484284877777
0.48728612065315247
0.44622114300727844
0.4142312705516815
0.45808106660842896
0.24452652037143707
0.36258429288864136
0.43560972809791565
0.3828241527080536
0.3978690505027771
0.36574575304985046
0.3700198531150818
0.4740149974822998
0.35953107476234436
0.4209594130516052
0.30429577827453613
0.25996163487434387
0.4423453211784363
0.4124873876571655
0.4852658808231354
0.45380085706710815
0.35206499695777893
0.4715030789375305
0.48324039578437805
0.34167271852493286
0.48627886176109314
0.336394339799881
0.3832134008407593
0.4481634497642517
0.25530052185058594
0.42759567499160767
0.31325140595436096
0.4519299566745758
0.4280734360218048
0.42026060819625854
0.43356937170028687
0.46850448846817017
0.4116974472999573
0.39338988065719604
0.47272756695747375
0.37780508399009705
0.4882083535194397
0.4063923954963684
0.4618358612060547
0.4138823449611664
0.3393281400203705
0.3880734443664551
0.42541617155075073
0.39605745673179626
0.3288183808326721
0.4215887486934662
0.35990017652511597
0.4554898142814636
0.3384268581867218
0.49078547954559326
0.46995100378990173
0.3552842140197754
0.3526829779148102
0.49661824107170105
0.3352661430835724
0.34315672516822815
0.3646490275859833
0.4072183668613434
0.492121160030365
0.38282349705696106
0.3546614348888397
0.49482885003089905
0.25981763005256653
0.49171796441078186
0.3209937810897827
0.41862252354621887
0.40365687012672424
0.4719567596912384
0.38590094447135925
0.3800780177116394
0.36182430386543274
0.29901784658432007
0.46898385882377625
0.4795791804790497
0.43034249544143677
0.46201154589653015
0.4082835018634796
0.4506365954875946
0.3411521017551422
0.4645305573940277
0.3767640292644501
0.45181483030319214
0.4671454131603241
0.33231300115585327
0.437289297580719
0.4908599257469177
0.3269490897655487
0.40939176082611084
0.48632878065109253
0.48305636644363403
0.3822181522846222
0.4145488440990448
0.3573341965675354
0.4205995500087738
0.45630404353141785
0.36115676164627075
0.30451101064682007
0.36392536759376526
0.28126901388168335
0.45955371856689453
0.365747332572937
0.4945831000804901
0.24143920838832855
0.28995463252067566
0.4036756157875061
0.4534115791320801
0.488459050655365
0.45871731638908386
0.42367640137672424
0.4282475709915161
0.49572837352752686
0.43283697962760925
0.3004326820373535
0.45849528908729553
0.3689320385456085
0.4739077687263489
0.4773561954498291
0.40976428985595703
0.3406926691532135
0.49141520261764526
0.46582648158073425
0.46930068731307983
0.48031899333000183
0.4515572786331177
0.4143548011779785
0.23836153745651245
0.47831079363822937
0.4157087504863739
0.471855103969574
0.37204253673553467
0.3147888779640198
0.41104739904403687
0.4075000286102295
0.45982348918914795
0.3630329370498657
0.42282816767692566
0.4555957317352295
0.3599553108215332
0.43729981780052185
0.4292900860309601
0.37611332535743713
0.4397541284561157
0.3662290573120117
0.34038272500038147
0.4500473737716675
0.4233096241950989
0.44230082631111145
0.35659852623939514
0.3143249452114105
0.3198710083961487
0.48876067996025085
0.3963913023471832
0.3691153824329376
0.323505163192749
0.41538986563682556
0.39268043637275696
0.33154088258743286
0.3492351472377777
0.4989563226699829
0.38116922974586487
0.4606891870498657
0.45942580699920654
0.4374399185180664
0.24363280832767487
0.42084795236587524
0.4393163025379181
0.3052479028701782
0.30909422039985657
0.394456148147583
0.34242886304855347
0.4546573758125305
0.42692846059799194
0.4102402925491333
0.3525778353214264
0.3429359197616577
0.4778556525707245
0.4954867362976074
0.4324897825717926
0.39298734068870544
0.44267430901527405
0.3925701975822449
0.41258957982063293
0.43308037519454956
0.4860539734363556
0.4626582860946655
0.48780977725982666
0.37511375546455383
0.3967258930206299
0.42441654205322266
0.3682229816913605
0.4240167438983917
0.3839544355869293
0.48771753907203674
0.3418329358100891
0.29529353976249695
0.39138132333755493
0.36145269870758057
0.4123709201812744
0.43097054958343506
0.3430543541908264
0.43639466166496277
0.48785266280174255
0.4964369535446167
0.42886418104171753
0.4037107825279236
0.42779767513275146
0.4002208709716797
0.4165973663330078
0.4831678867340088
0.39814189076423645
0.4925156831741333
0.341753214597702
0.4159573018550873
0.43944406509399414
0.4756852388381958
0.44218623638153076
0.3992476761341095
0.4828457236289978
0.39625221490859985
0.4737701117992401
0.4854475259780884
0.3836943507194519
0.28221043944358826
0.42650726437568665
0.4750395119190216
0.48677945137023926
0.48630669713020325
0.42620110511779785
0.47953176498413086
0.4914602041244507
0.33597010374069214
0.30911189317703247
0.40588173270225525
0.4731810688972473
0.37647175788879395
0.468478798866272
0.4864339232444763
0.48677006363868713
0.3054927885532379
0.36460432410240173
0.4510393738746643
0.2860300838947296
0.3890954256057739
0.29134827852249146
0.48205646872520447
0.44609004259109497
0.3795469403266907
0.47662657499313354
0.48966774344444275
0.4364037811756134
0.41550594568252563
0.3337414562702179
0.41979607939720154
0.39820539951324463
0.41588443517684937
0.4885253608226776
0.4999678432941437
0.3878794312477112
0.42740771174430847
0.44204726815223694
0.4321953356266022
0.3560445308685303
0.4834453761577606
0.4592377841472626
0.424172967672348
0.4361766576766968
0.3975459635257721
0.47400039434432983
0.358919620513916
0.4305955469608307
0.2900759279727936
0.4666919410228729
0.3676184117794037
0.33760425448417664
0.35595038533210754
0.49316203594207764
0.45157575607299805
0.4664306938648224
0.39616185426712036
0.22184604406356812
0.4853256046772003
0.4654971659183502
0.49338045716285706
0.4283543527126312
0.4464610517024994
0.49337029457092285
0.4223637282848358
0.409072607755661
0.4599260985851288
0.49859505891799927
0.33875179290771484
0.36913880705833435
0.47108665108680725
0.43615254759788513
0.46877843141555786
0.4659567177295685
0.4559921324253082
0.46743524074554443
0.3471447825431824
0.3219073712825775
0.32654905319213867
0.4186364412307739
0.3459758460521698
0.48566606640815735
0.4831019341945648
0.39247801899909973
0.3733571469783783
0.4741119146347046
0.4221124053001404
0.3014073967933655
0.48323678970336914
0.4572291076183319
0.34436357021331787
0.4315662086009979
0.338140070438385
0.4220263361930847
0.38948896527290344
0.22977998852729797
0.4255927801132202
0.4351120591163635
0.39613640308380127
0.40775662660598755
0.4362025260925293
0.449072927236557
0.4184686243534088
0.49090850353240967
0.4587876796722412
0.4580133855342865
0.4705880880355835
0.254929780960083
0.3272039592266083
0.3037016987800598
0.44934290647506714
0.4622761607170105
0.48953962326049805
0.43813997507095337
0.4199140667915344
0.4779173731803894
0.4662894904613495
0.3897373080253601
0.1907091587781906
0.40181946754455566
0.35786664485931396
0.47527268528938293
0.43844136595726013
0.3359372913837433
0.4027422368526459
0.4188820421695709
0.4679797291755676
0.42620882391929626
0.4356413781642914
0.4552846848964691
0.37620270252227783
0.2748003304004669
0.430882066488266
0.3818427324295044
0.3172948658466339
0.48894745111465454
0.49785444140434265
0.49724864959716797
0.41116270422935486
0.31039220094680786
0.43540579080581665
0.47657960653305054
0.2517314553260803
0.4325302541255951
0.46535396575927734
0.3980118930339813
0.4178159534931183
0.4239904284477234
0.4692167341709137
0.44689294695854187
0.3500703275203705
0.46042168140411377
0.4787033200263977
0.35958996415138245
0.4695931077003479
0.30479127168655396
0.40034911036491394
0.3442511260509491
0.3590124249458313
0.48326781392097473
0.4512213468551636
0.3189465403556824
0.4277656674385071
0.4999105930328369
0.2615048885345459
0.4789965748786926
0.42955148220062256
0.4334539771080017
0.41532662510871887
0.34419113397598267
0.45950213074684143
0.4987241327762604
0.27571025490760803
0.3277771472930908
0.49754443764686584
0.47495442628860474
0.42102885246276855
0.49110937118530273
0.4815432131290436
0.3512691259384155
0.4484536945819855
0.37918996810913086
0.41740766167640686
0.21876826882362366
0.2518882155418396
0.46152129769325256
0.4156539738178253
0.32798612117767334
0.4899848699569702
0.49358949065208435
0.4820588529109955
0.4726509749889374
0.35511064529418945
0.33247876167297363
0.24101242423057556
0.3392738699913025
0.27303773164749146
0.4774578809738159
0.3081181049346924
0.4907284677028656
0.3617182672023773
0.42863407731056213
0.443127304315567
0.396089106798172
0.38783198595046997
0.464855432510376
0.4474976062774658
0.405955046415329
0.31939074397087097
0.3536049425601959
0.2580510675907135
0.4768199324607849
0.43154144287109375
0.39588725566864014
0.30911391973495483
0.36194267868995667
0.3594537675380707
0.4466392993927002
0.316480427980423
0.49656879901885986
0.3447822034358978
0.4849051833152771
0.4780395030975342
0.2614094316959381
0.3754364848136902
0.4376184642314911
0.49215760827064514
0.34676945209503174
0.36881428956985474
0.2952747941017151
0.4968493580818176
0.4548821449279785
0.49033376574516296
0.4672626256942749
0.34138423204421997
0.3312329947948456
0.39994728565216064
0.39641326665878296
0.4498196840286255
0.34305325150489807
0.31905537843704224
0.4811137616634369
0.42807841300964355
0.44481369853019714
0.46019041538238525
0.34919145703315735
0.19754789769649506
0.3835676908493042
0.4485338032245636
0.41938334703445435
0.4553438127040863
0.3326195478439331
0.4972017705440521
0.2965157628059387
0.3965781629085541
0.3773745000362396
0.31991317868232727
0.3914288580417633
0.40957581996917725
0.3217700719833374
0.4612049162387848
0.3204559087753296
0.29395008087158203
0.39538949728012085
0.38998183608055115
0.41877228021621704
0.3702928423881531
0.45357435941696167
0.38234376907348633
0.49172595143318176
0.33556854724884033
0.4329979121685028
0.2854561507701874
0.31192025542259216
0.40224096179008484
0.4666241705417633
0.25403037667274475
0.4296361207962036
0.4609845280647278
0.35886844992637634
0.43986764550209045
0.4139842092990875
0.49975714087486267
0.45491528511047363
0.27940940856933594
0.37005165219306946
0.3737246096134186
0.4483402967453003
0.35027986764907837
0.4274478852748871
0.46185603737831116
0.48153460025787354
0.4875968396663666
0.3911118507385254
0.4921608865261078
0.4708462953567505
0.41617006063461304
0.4363114833831787
0.4910002648830414
0.4220731258392334
0.42069631814956665
0.4012927711009979
0.40732187032699585
0.42889195680618286
0.4156973361968994
0.44970956444740295
0.48612308502197266
0.44058236479759216
0.46391037106513977
0.3345299959182739
0.4331646263599396
0.2780952453613281
0.4861797094345093
0.4486241638660431
0.4604112505912781
0.27741459012031555
0.3907068967819214
0.4681248366832733
0.3675421476364136
0.4608323574066162
0.26801368594169617
0.39491599798202515
0.43459662795066833
0.40702229738235474
0.3771286606788635
0.46921876072883606
0.30337005853652954
0.4754435122013092
0.4046746790409088
0.4973951280117035
0.3323846161365509
0.4986976087093353
0.46384790539741516
0.463277667760849
0.4292662441730499
0.4734835922718048
0.47241389751434326
0.43925395607948303
0.4740690290927887
0.4470682740211487
0.3437916040420532
0.4349525272846222
0.29093363881111145
0.49510660767555237
0.36642885208129883
0.34404388070106506
0.3410961925983429
0.48287466168403625
0.38568738102912903
0.4393094778060913
0.43350663781166077
0.3446754813194275
0.4909417927265167
0.40550336241722107
0.23814035952091217
0.46650028228759766
0.4935014247894287
0.41091880202293396
0.24537058174610138
0.45910200476646423
0.4110822081565857
0.4576413929462433
0.41404831409454346
0.491109162569046
0.2979903221130371
0.3192574083805084
0.3954213559627533
0.38278937339782715
0.34209978580474854
0.48206499218940735
0.3871544897556305
0.366554856300354
0.3856278359889984
0.3894048035144806
0.4532690644264221
0.35195407271385193
0.37615570425987244
0.318935751914978
0.37119224667549133
0.40787726640701294
0.2687259912490845
0.3808304965496063
0.3665402829647064
0.41573581099510193
0.29934340715408325
0.48658424615859985
0.4905504584312439
0.31316760182380676
0.3588425815105438
0.45352572202682495
0.44498857855796814
0.44927147030830383
0.4061683714389801
0.3171077370643616
0.45129814743995667
0.375836580991745
0.44044029712677
0.3027842044830322
0.3464147448539734
0.3986751139163971
0.4831216037273407
0.2957649827003479
0.406708300113678
0.43223077058792114
0.39269351959228516
0.42572587728500366
0.4245661199092865
0.46338799595832825
0.46052685379981995
0.43794795870780945
0.3809119164943695
0.38033527135849
0.3797371983528137
0.43183988332748413
0.3792068362236023
0.47875672578811646
0.2657395601272583
0.3894183039665222
0.47950419783592224
0.46120670437812805
0.36505404114723206
0.3221018612384796
0.4008263349533081
0.4122762084007263
0.3697218596935272
0.3653508722782135
0.45527738332748413
0.3230552673339844
0.2739866077899933
0.42823508381843567
0.44768983125686646
0.35576942563056946
0.2602938711643219
0.4719415605068207
0.49892881512641907
0.34428510069847107
0.48323073983192444
0.4663146436214447
0.48045769333839417
0.33265364170074463
0.4876517951488495
0.38207462430000305
0.48466747999191284
0.48277074098587036
0.44329211115837097
0.25656118988990784
0.48770955204963684
0.4557191729545593
0.498625248670578
0.49040451645851135
0.24806524813175201
0.46372362971305847
0.4938487410545349
0.4197181761264801
0.4292052090167999
0.44619089365005493
0.28143781423568726
0.3190951943397522
0.375091552734375
0.3932144045829773
0.4281642436981201
0.3798060119152069
0.41042977571487427
0.4634864926338196
0.26890599727630615
0.32678717374801636
0.48533275723457336
0.49077585339546204
0.4216746985912323
0.4414869248867035
0.48762044310569763
0.37575772404670715
0.45563504099845886
0.41466808319091797
0.328525185585022
0.27435413002967834
0.4431307017803192
0.465965211391449
0.3948543667793274
0.4041348397731781
0.48939940333366394
0.3649618625640869
0.4065890908241272
0.45027488470077515
0.3698580265045166
0.4264555871486664
0.4605037271976471
0.4552420675754547
0.4011804461479187
0.34971141815185547
0.3446623980998993
0.4783976972103119
0.43546101450920105
0.44287946820259094
0.3645254373550415
0.4565812647342682
0.444200336933136
0.41813376545906067
0.42624354362487793
0.3894098997116089
0.3916912078857422
0.4393426775932312
0.4924618601799011
0.4925940930843353
0.34757667779922485
0.4329223930835724
0.27202627062797546
0.3744719624519348
0.3375324308872223
0.4544815421104431
0.43367767333984375
0.4792654514312744
0.485557496547699
0.25933393836021423
0.4139252305030823
0.4873214662075043
0.43756091594696045
0.3878902792930603
0.3883635401725769
0.29971760511398315
0.2725745737552643
0.4008486866950989
0.3499342203140259
0.4181727170944214
0.3623124361038208
0.49588578939437866
0.4753250181674957
0.4040773808956146
0.46732547879219055
0.3400101065635681
0.4775409698486328
0.4962652325630188
0.4593506455421448
0.49158531427383423
0.3099798858165741
0.47886011004447937
0.4144943654537201
0.4714382290840149
0.4536192715167999
0.47524574398994446
0.3228631019592285
0.41455888748168945
0.4901358187198639
0.2967575788497925
0.4995664954185486
0.41355758905410767
0.4254978895187378
0.48286932706832886
0.26112285256385803
0.3409784138202667
0.47971054911613464
0.4767419695854187
0.43874573707580566
0.39853909611701965
0.3721762001514435
0.4024726152420044
0.4041641354560852
0.27347084879875183
0.417989581823349
0.46574071049690247
0.3526207208633423
0.4163758456707001
0.42216572165489197
0.35139545798301697
0.4336800277233124
0.45079559087753296
0.40640944242477417
0.4612356126308441
0.2980017364025116
0.4553910195827484
0.365462988615036
0.3440954387187958
0.40968143939971924
0.40008872747421265
0.35577142238616943
0.4861598014831543
0.4431173503398895
0.4565657377243042
0.4929279088973999
0.44739773869514465
0.42875877022743225
0.4612782895565033
0.22015704214572906
0.41735219955444336
0.453503280878067
0.42608729004859924
0.39608824253082275
0.45552903413772583
0.4495500922203064
0.4351683259010315
0.31336209177970886
0.3570167124271393
0.3410152196884155
0.4610636532306671
0.38527923822402954
0.4317726492881775
0.3864346742630005
0.3479216992855072
0.4968242049217224
0.45430147647857666
0.34982427954673767
0.4436272382736206
0.3711729347705841
0.3881550431251526
0.3620317578315735
0.3752392828464508
0.41619089245796204
0.4579792022705078
0.4698387384414673
0.3369467854499817
0.43539661169052124
0.49268409609794617
0.48090487718582153
0.4250054359436035
0.3848869800567627
0.48521101474761963
0.4024594724178314
0.4521482586860657
0.37355971336364746
0.38094571232795715
0.4530399739742279
0.4691716730594635
0.43977460265159607
0.4321879744529724
0.48486796021461487
0.3922039866447449
0.4459715187549591
0.3810306787490845
0.35477495193481445
0.49556925892829895
0.385107159614563
0.3837019205093384
0.34853067994117737
0.3792869746685028
0.41507986187934875
0.45347604155540466
0.4932941496372223
0.4148893654346466
0.47021839022636414
0.4870627224445343
0.31214866042137146
0.47054407000541687
0.43641039729118347
0.3927474319934845
0.35654544830322266
0.3413463532924652
0.4700537323951721
0.4113697409629822
0.47076404094696045
0.48711609840393066
0.4508187472820282
0.2850167155265808
0.4327055811882019
0.39340314269065857
0.2848934233188629
0.48233941197395325
0.4828267991542816
0.4414050579071045
0.29086536169052124
0.3544549345970154
0.4592697024345398
0.49772909283638
0.3050074279308319
0.480038583278656
0.4803965985774994
0.4371301531791687
0.4672103524208069
0.4658895432949066
0.3643247187137604
0.3398008942604065
0.42807862162590027
0.3933705687522888
0.34653279185295105
0.4242498576641083
0.4031800925731659
0.4953835606575012
0.38049012422561646
0.48568087816238403
0.42091062664985657
0.4432012438774109
0.4755841791629791
0.3376845121383667
0.4973638355731964
0.45089197158813477
0.4926801919937134
0.49475812911987305
0.30126291513442993
0.45035186409950256
0.4295460283756256
0.376437246799469
0.4788980185985565
0.4815543591976166
0.3568798303604126
0.34153953194618225
0.44871097803115845
0.44637036323547363
0.4860256314277649
0.44079747796058655
0.38455483317375183
0.3680005371570587
0.4639011323451996
0.45823001861572266
0.3913221061229706
0.379452109336853
0.27958184480667114
0.3149908483028412
0.31371334195137024
0.498332679271698
0.4385237991809845
0.38071632385253906
0.48733818531036377
0.433099627494812
0.46145451068878174
0.4574759602546692
0.36911728978157043
0.41210028529167175
0.36348122358322144
0.2536637485027313
0.31647443771362305
0.43444129824638367
0.46265020966529846
0.44896259903907776
0.2472316175699234
0.4146359860897064
0.4022250175476074
0.46793699264526367
0.24395407736301422
0.4442508816719055
0.4883187413215637
0.37715592980384827
0.4540133774280548
0.40631914138793945
0.3548245429992676
0.4536535441875458
0.29913130402565
0.4985654652118683
0.4101621210575104
0.3352174758911133
0.3083266317844391
0.46402204036712646
0.42824646830558777
0.48866236209869385
0.48992273211479187
0.39295434951782227
0.3059536814689636
0.4713675379753113
0.4029989242553711
0.4479878842830658
0.3042106032371521
0.36625543236732483
0.2819417417049408
0.25468671321868896
0.4471631944179535
0.42042994499206543
0.3365379869937897
0.3707275092601776
0.48806747794151306
0.277005672454834
0.34506550431251526
0.4498700797557831
0.41417452692985535
0.4214143753051758
0.499456524848938
0.3771604597568512
0.42492979764938354
0.3891367018222809
0.4430476129055023
0.4255010485649109
0.4775855243206024
0.44225597381591797
0.3057820498943329
0.49151021242141724
0.35595637559890747
0.41227927803993225
0.41345059871673584
0.42464396357536316
0.31931042671203613
0.49211904406547546
0.419477254152298
0.4564436078071594
0.4109908938407898
0.4199700951576233
0.37531229853630066
0.4140821695327759
0.41804349422454834
0.4074045419692993
0.30027487874031067
0.49626678228378296
0.27317842841148376
0.336168110370636
0.4518377184867859
0.46747246384620667
0.4233708679676056
0.38819634914398193
0.2687033414840698
0.46032363176345825
0.484129935503006
0.42290812730789185
0.4996464252471924
0.427985817193985
0.49151408672332764
0.48458752036094666
0.4396597445011139
0.2809896171092987
0.42757511138916016
0.30151066184043884
0.4809420704841614
0.49580350518226624
0.46942517161369324
0.48388317227363586
0.4421634376049042
0.38236677646636963
0.3513319790363312
0.4728137254714966
0.4588552713394165
0.37291717529296875
0.49179813265800476
0.4801650047302246
0.48295456171035767
0.33528295159339905
0.4189326763153076
0.35728785395622253
0.46443450450897217
0.43469923734664917
0.3736560642719269
0.24175676703453064
0.45774754881858826
0.4027983248233795
0.3605021834373474
0.37647655606269836
0.315665066242218
0.4688582718372345
0.47216519713401794
0.4248863756656647
0.4248742461204529
0.468768447637558
0.43603453040122986
0.3655228316783905
0.4775468111038208
0.40515804290771484
0.4918556809425354
0.4773882329463959
0.42085209488868713
0.39240241050720215
0.40067702531814575
0.4793051779270172
0.3896397054195404
0.3677809238433838
0.43534940481185913
0.3945046663284302
0.35110682249069214
0.452340304851532
0.3437328338623047
0.41925927996635437
0.4154975712299347
0.29722005128860474
0.36498743295669556
0.41514116525650024
0.4033167064189911
0.3864017426967621
0.4724784195423126
0.37520933151245117
0.4734102785587311
0.44058090448379517
0.4214150905609131
0.3095380365848541
0.4900079667568207
0.4548371136188507
0.44366249442100525
0.4547492563724518
0.3412201702594757
0.17502513527870178
0.3806489408016205
0.375618577003479
0.4717791676521301
0.2623293995857239
0.4180465638637543
0.42819637060165405
0.38852787017822266
0.3779735863208771
0.31883668899536133
0.4738244414329529
0.3656253516674042
0.4600100815296173
0.3398418128490448
0.39743760228157043
0.45824262499809265
0.49278897047042847
0.4760173261165619
0.4820170998573303
0.4259713888168335
0.4850253462791443
0.4328964352607727
0.4238339960575104
0.415126770734787
0.43722599744796753
0.4744504690170288
0.48167529702186584
0.3962860703468323
0.3571934700012207
0.4454716145992279
0.30059289932250977
0.34847864508628845
0.4857710003852844
0.42318689823150635
0.26050233840942383
0.4230387210845947
0.37447690963745117
0.41470834612846375
0.4848555028438568
0.42033013701438904
0.46038922667503357
0.46641775965690613
0.2395256757736206
0.3756645619869232
0.3424224555492401
0.3284279704093933
0.4408514201641083
0.4517976641654968
0.47538483142852783
0.4750697910785675
0.3600420355796814
0.4225616455078125
0.4626365005970001
0.3569355309009552
0.4419267773628235
0.3845948278903961
0.32169196009635925
0.3310551047325134
0.2965942621231079
0.46051788330078125
0.42890962958335876
0.3709169328212738
0.392287015914917
0.4162142276763916
0.4989340901374817
0.43421706557273865
0.40151649713516235
0.44560104608535767
0.4834533929824829
0.46165531873703003
0.408881276845932
0.3836978077888489
0.4999498128890991
0.491696298122406
0.3838960826396942
0.33088111877441406
0.4830685555934906
0.4748001992702484
0.42011842131614685
0.3922484219074249
0.4399760365486145
0.4553222954273224
0.46277743577957153
0.33671414852142334
0.4636586308479309
0.3894566297531128
0.3949733376502991
0.3590727150440216
0.4393123388290405
0.47238409519195557
0.4309864938259125
0.3712444603443146
0.4509293735027313
0.4568847417831421
0.49699899554252625
0.40640291571617126
0.3722603917121887
0.3767181932926178
0.4642098546028137
0.47818228602409363
0.3341398239135742
0.4332551062107086
0.3112703561782837
0.4096810221672058
0.3901119530200958
0.3116164803504944
0.4317328631877899
0.3423658609390259
0.4868413805961609
0.43828368186950684
0.3702370524406433
0.28693822026252747
0.47932758927345276
0.44608569145202637
0.3535861372947693
0.33507707715034485
0.2501441240310669
0.3403894305229187
0.3724719285964966
0.4350253939628601
0.40648725628852844
0.4647463262081146
0.3799631595611572
0.4550297260284424
0.44921326637268066
0.4947790801525116
0.4743955731391907
0.37858110666275024
0.44643789529800415
0.3770604133605957
0.18596087396144867
0.4815116822719574
0.46429958939552307
0.4503899812698364
0.3031485974788666
0.41243216395378113
0.4042397141456604
0.4400153160095215
0.3334479033946991
0.4735269844532013
0.3469494879245758
0.437760591506958
0.45538973808288574
0.48329493403434753
0.4708983898162842
0.39403611421585083
0.47235941886901855
0.484652042388916
0.3830235004425049
0.3665340840816498
0.35571545362472534
0.33735889196395874
0.4780539870262146
0.4475301504135132
0.4455733299255371
0.39656320214271545
0.26397275924682617
0.4465442895889282
0.4426330626010895
0.37869974970817566
0.4594756066799164
0.3831002712249756
0.4147321879863739
0.23499968647956848
0.4497981071472168
0.22888416051864624
0.40255555510520935
0.31122836470603943
0.47476065158843994
0.44165754318237305
0.38422757387161255
0.39813700318336487
0.39030230045318604
0.263214647769928
0.46707868576049805
0.4131261110305786
0.3568974435329437
0.37678956985473633
0.3954050838947296
0.43873611092567444
0.26555198431015015
0.3476518392562866
0.3463844656944275
0.49249425530433655
0.4701913893222809
0.3527248501777649
0.21334129571914673
0.2326611578464508
0.4598245620727539
0.3519206643104553
0.44127652049064636
0.3951396346092224
0.4805015027523041
0.4960401952266693
0.43425044417381287
0.47976362705230713
0.45760735869407654
0.2995787560939789
0.46409204602241516
0.4238848388195038
0.47426310181617737
0.48441082239151
0.41084155440330505
0.4360356628894806
0.4382936954498291
0.46011480689048767
0.36780449748039246
0.4508761763572693
0.4672510623931885
0.312587171792984
0.4432258903980255
0.440035879611969
0.2543327212333679
0.4541124105453491
0.3547254204750061
0.4589044451713562
0.389336496591568
0.457485169172287
0.38281598687171936
0.4120228886604309
0.28003743290901184
0.40948203206062317
0.4977734386920929
0.3160909414291382
0.49704253673553467
0.3609614074230194
0.38467952609062195
0.3513830900192261
0.31169065833091736
0.31484928727149963
0.4292728006839752
0.4441785514354706
0.3483550250530243
0.3429693281650543
0.43722325563430786
0.4226582944393158
0.42574945092201233
0.3363875448703766
0.496397465467453
0.4437703490257263
0.38583600521087646
0.4204578697681427
0.43135783076286316
0.46342355012893677
0.45961830019950867
0.4883761703968048
0.4721267819404602
0.40231335163116455
0.3771590292453766
0.40818750858306885
0.3625575006008148
0.3078789710998535
0.41205552220344543
0.3934653103351593
0.37423500418663025
0.44819462299346924
0.4345020055770874
0.4607727527618408
0.4183640480041504
0.4220063090324402
0.42364129424095154
0.4533151090145111
0.41316404938697815
0.3033081293106079
0.4635857939720154
0.4770168662071228
0.47586768865585327
0.4966180920600891
0.34763526916503906
0.49382397532463074
0.38880491256713867
0.3430441617965698
0.3955933153629303
0.3931146264076233
0.49116066098213196
0.38092783093452454
0.3994174003601074
0.39184337854385376
0.42198145389556885
0.4844784140586853
0.4221600592136383
0.39420318603515625
0.3957563042640686
0.37223702669143677
0.3863986134529114
0.4142616093158722
0.35036420822143555
0.4086249768733978
0.3977394700050354
0.4816032946109772
0.4095859229564667
0.4748357832431793
0.4605661928653717
0.4634344279766083
0.3339121639728546
0.4936738908290863
0.2765013575553894
0.4000116288661957
0.2726375162601471
0.42875126004219055
0.4607830047607422
0.49671798944473267
0.48629656434059143
0.4420016407966614
0.37577736377716064
0.47008419036865234
0.32653048634529114
0.408929705619812
0.32406580448150635
0.38763007521629333
0.4422953724861145
0.460979163646698
0.4020485281944275
0.4644848704338074
0.3642767369747162
0.4337373673915863
0.40772494673728943
0.392934113740921
0.399316668510437
0.45799562335014343
0.4644865393638611
0.42044270038604736
0.33562561869621277
0.3745890259742737
0.31902894377708435
0.3353612720966339
0.49920812249183655
0.48485779762268066
0.3991858959197998
0.3819466233253479
0.44596779346466064
0.41617143154144287
0.41236546635627747
0.2293555587530136
0.43151381611824036
0.4827941358089447
0.47838568687438965
0.3876221776008606
0.38274070620536804
0.4471394419670105
0.40335461497306824
0.24975380301475525
0.40951547026634216
0.3608657419681549
0.3852735459804535
0.3651363253593445
0.46754926443099976
0.347096711397171
0.22620970010757446
0.475589781999588
0.3847237527370453
0.4720344841480255
0.4886409342288971
0.3492923974990845
0.36813268065452576
0.46997523307800293
0.2567991018295288
0.41075921058654785
0.2763195335865021
0.4642077684402466
0.34734123945236206
0.33871325850486755
0.41450685262680054
0.3816351294517517
0.492581844329834
0.44247058033943176
0.499946653842926
0.37189266085624695
0.471544474363327
0.39495226740837097
0.48218125104904175
0.4076450765132904
0.42690709233283997
0.4991843104362488
0.26892712712287903
0.38167816400527954
0.3863796591758728
0.38258931040763855
0.49989181756973267
0.46022340655326843
0.4347018599510193
0.4397994577884674
0.4522808790206909
0.4506963789463043
0.4388614892959595
0.3895809054374695
0.285663902759552
0.491949200630188
0.4779113829135895
0.49375516176223755
0.4602190852165222
0.42613691091537476
0.3150470554828644
0.4490821659564972
0.35179945826530457
0.32874932885169983
0.498067706823349
0.3579007685184479
0.3700823187828064
0.39705517888069153
0.44000276923179626
0.49004819989204407
0.41059809923171997
0.3471471965312958
0.47916629910469055
0.406803697347641
0.32211747765541077
0.4996110200881958
0.33382052183151245
0.4426596760749817
0.3886679708957672
0.38206133246421814
0.41431307792663574
0.2831558883190155
0.4903898537158966
0.4273449778556824
0.3894399106502533
0.4699726402759552
0.42148369550704956
0.4956301152706146
0.47028684616088867
0.39521530270576477
0.48800694942474365
0.4650392234325409
0.47362586855888367
0.4703960716724396
0.3738621175289154
0.4645620584487915
0.3787611126899719
0.4283771514892578
0.4999169409275055
0.4519551694393158
0.4261055886745453
0.3505284786224365
0.36722078919410706
0.46023157238960266
0.36370664834976196
0.3175595700740814
0.3429856598377228
0.4822372794151306
0.4356493353843689
0.4319136440753937
0.38132280111312866
0.38959211111068726
0.36818403005599976
0.49661508202552795
0.38688167929649353
0.4079107344150543
0.49763035774230957
0.2994233965873718
0.4182131886482239
0.4974106550216675
0.29881638288497925
0.3600788414478302
0.4680858254432678
0.26926830410957336
0.3446095287799835
0.3919731378555298
0.33669227361679077
0.4190894365310669
0.4503588080406189
0.4699578285217285
0.43118515610694885
0.2722202241420746
0.45949986577033997
0.4980615973472595
0.4694164991378784
0.4547572731971741
0.38831669092178345
0.422471821308136
0.36672672629356384
0.4950779974460602
0.34685274958610535
0.39154207706451416
0.46542486548423767
0.43588951230049133
0.3724212348461151
0.3358086943626404
0.4495978355407715
0.42696303129196167
0.34285539388656616
0.48030298948287964
0.35130012035369873
0.43300512433052063
0.4658753573894501
0.4160324037075043
0.42965418100357056
0.37036803364753723
0.42126429080963135
0.3524537980556488
0.414688378572464
0.41368284821510315
0.46086204051971436
0.3274429738521576
0.3449571430683136
0.44706353545188904
0.44897863268852234
0.49462956190109253
0.3429853916168213
0.3199024796485901
0.4476931691169739
0.3617963492870331
0.32612356543540955
0.48983392119407654
0.3465021848678589
0.4615873396396637
0.37604883313179016
0.4845193028450012
0.37054014205932617
0.4235855042934418
0.4094144403934479
0.47661924362182617
0.43641167879104614
0.2593372166156769
0.4417705535888672
0.45899322628974915
0.47424444556236267
0.3996211290359497
0.24520745873451233
0.3364264965057373
0.4273270070552826
0.31433162093162537
0.413977712392807
0.4274311661720276
0.39312610030174255
0.4471874237060547
0.432923823595047
0.3959658443927765
0.4822680354118347
0.3935069739818573
0.48940035700798035
0.4808933138847351
0.37190988659858704
0.2793320119380951
0.2595449686050415
0.4649002254009247
0.4490436911582947
0.27273261547088623
0.45701637864112854
0.44684121012687683
0.47667089104652405
0.29313820600509644
0.42858946323394775
0.3422267436981201
0.3485294282436371
0.34328246116638184
0.33504876494407654
0.4766318202018738
0.43195635080337524
0.36316433548927307
0.3202446699142456
0.4176984429359436
0.3877484202384949
0.362468421459198
0.3810933530330658
0.4727717339992523
0.4397141635417938
0.22934143245220184
0.41815871000289917
0.368417352437973
0.4684404134750366
0.48905742168426514
0.34383606910705566
0.4289173185825348
0.3376948833465576
0.37978610396385193
0.49584129452705383
0.36961397528648376
0.37342214584350586
0.4339950978755951
0.4710218906402588
0.42011433839797974
0.4942648410797119
0.4596213102340698
0.4653048515319824
0.38293835520744324
0.49795806407928467
0.42856305837631226
0.4723343253135681
0.3750198483467102
0.3749423027038574
0.4618297815322876
0.38840562105178833
0.4724719822406769
0.43919816613197327
0.4456506073474884
0.4853525757789612
0.3804968297481537
0.3750966191291809
0.35701313614845276
0.48249462246894836
0.4848039448261261
0.39494118094444275
0.47679635882377625
0.4266611933708191
0.459333211183548
0.27638110518455505
0.39070379734039307
0.3333922028541565
0.47115063667297363
0.4988657832145691
0.4647592008113861
0.48982518911361694
0.4617553949356079
0.4006026089191437
0.375991553068161
0.49982985854148865
0.32410770654678345
0.4298098385334015
0.4790360927581787
0.4252215623855591
0.3883589804172516
0.3684842586517334
0.4737178087234497
0.49230995774269104
0.4742550551891327
0.4069969058036804
0.2482030838727951
0.4890655279159546
0.38140973448753357
0.3416893184185028
0.3757607042789459
0.4284699261188507
0.3972875773906708
0.4820324778556824
0.4377949833869934
0.3016212284564972
0.3542981445789337
0.35863855481147766
0.43347737193107605
0.4315468966960907
0.33341526985168457
0.3086099922657013
0.44722726941108704
0.48263949155807495
0.4417468011379242
0.47092577815055847
0.36570143699645996
0.4181174635887146
0.4543718695640564
0.4297761619091034
0.30951955914497375
0.3824172616004944
0.3574380576610565
0.3357546627521515
0.4447114169597626
0.38740241527557373
0.3949194550514221
0.4377821981906891
0.4227721691131592
0.2750118374824524
0.3980782926082611
0.44821593165397644
0.43638187646865845
0.4064119756221771
0.4739685654640198
0.39505693316459656
0.33874890208244324
0.2643653154373169
0.29344603419303894
0.44289630651474
0.4841286242008209
0.47551706433296204
0.42756402492523193
0.3554302453994751
0.48191386461257935
0.4924977421760559
0.49038514494895935
0.36334359645843506
0.47937288880348206
0.43046441674232483
0.34652799367904663
0.3207319676876068
0.46174755692481995
0.4040099084377289
0.4545213282108307
0.4424266815185547
0.48776885867118835
0.4686470627784729
0.48646292090415955
0.3437372148036957
0.4764012396335602
0.4812740087509155
0.49515238404273987
0.23284821212291718
0.4699937403202057
0.3720932900905609
0.28019168972969055
0.364479124546051
0.37159809470176697
0.3843255937099457
0.2884235084056854
0.4617752432823181
0.3705432713031769
0.4079090356826782
0.39849406480789185
0.48494163155555725
0.3666083812713623
0.498805969953537
0.4908527731895447
0.4656287133693695
0.4498191475868225
0.40497714281082153
0.21190936863422394
0.4483935236930847
0.45846956968307495
0.4806264638900757
0.392334908246994
0.4722924530506134
0.37981680035591125
0.3364265263080597
0.4763457179069519
0.3562447428703308
0.4811728000640869
0.4382827877998352
0.2439778596162796
0.43233034014701843
0.3661128282546997
0.4351385235786438
0.49110734462738037
0.4288174510002136
0.3437234163284302
0.4929935932159424
0.45418113470077515
0.4794488549232483
0.2780206501483917
0.3738657236099243
0.40050098299980164
0.40150001645088196
0.33052247762680054
0.49370893836021423
0.39419472217559814
0.3750866651535034
0.3770117461681366
0.48126810789108276
0.4308151602745056
0.36046046018600464
0.4740244448184967
0.4254942238330841
0.48955920338630676
0.4914458096027374
0.2740860879421234
0.39268922805786133
0.49381640553474426
0.4824238419532776
0.459369033575058
0.450070321559906
0.4187595546245575
0.4767293930053711
0.35066959261894226
0.37476783990859985
0.3496193587779999
0.4757951498031616
0.40875566005706787
0.49599558115005493
0.4936577379703522
0.4495842158794403
0.3774156868457794
0.3719484210014343
0.478290319442749
0.4229976236820221
0.28842273354530334
0.37362194061279297
0.44583335518836975
0.4068189263343811
0.3947339355945587
0.4185255467891693
0.3979889452457428
0.4572512209415436
0.31762269139289856
0.31038394570350647
0.2819521725177765
0.4906539022922516
0.45204925537109375
0.48029595613479614
0.32092800736427307
0.49796441197395325
0.374123752117157
0.36284759640693665
0.3948005735874176
0.2244732826948166
0.43392443656921387
0.4141959249973297
0.437345027923584
0.4731978178024292
0.4439528286457062
0.43612831830978394
0.3736216127872467
0.49805939197540283
0.38487935066223145
0.3353564441204071
0.4532686769962311
0.4252510070800781
0.43239670991897583
0.32533538341522217
0.4186047315597534
0.3345794379711151
0.4144057035446167
0.4302710294723511
0.4817955493927002
0.4846744239330292
0.24464377760887146
0.4016141891479492
0.49344727396965027
0.4402046799659729
0.40330418944358826
0.4917716681957245
0.47377142310142517
0.3630354404449463
0.4159505069255829
0.44231605529785156
0.2826725244522095
0.38859936594963074
0.426052451133728
0.4944338798522949
0.4639519453048706
0.22144010663032532
0.4901324212551117
0.43999677896499634
0.48430198431015015
0.34069710969924927
0.42918965220451355
0.40350526571273804
0.4245031177997589
0.4203903079032898
0.414354532957077
0.4059085249900818
0.47635379433631897
0.43331462144851685
0.49315494298934937
0.4349018633365631
0.4966857433319092
0.2644573152065277
0.317201167345047
0.43427056074142456
0.49052557349205017
0.47302308678627014
0.417111873626709
0.3368089199066162
0.4457901418209076
0.352493554353714
0.46357491612434387
0.3456896245479584
0.4931972324848175
0.49751797318458557
0.3698677122592926
0.4268481731414795
0.36249977350234985
0.4566761255264282
0.42237618565559387
0.4895537495613098
0.4713863432407379
0.49383893609046936
0.3983974754810333
0.45510175824165344
0.36766207218170166
0.4387163817882538
0.44390836358070374
0.4166710078716278
0.43221110105514526
0.3200388252735138
0.47859588265419006
0.48058581352233887
0.4261573255062103
0.3434833288192749
0.4375484883785248
0.3954891562461853
0.2728220820426941
0.40839099884033203
0.47511282563209534
0.3521793782711029
0.3145713806152344
0.4898584187030792
0.45191100239753723
0.43575161695480347
0.4982646107673645
0.3903847336769104
0.42295482754707336
0.4592711329460144
0.26656731963157654
0.35858824849128723
0.2751540541648865
0.48061445355415344
0.4558345377445221
0.440481036901474
0.4451361894607544
0.43876227736473083
0.40234482288360596
0.39858102798461914
0.4224972426891327
0.39929208159446716
0.44726526737213135
0.20417140424251556
0.1985185742378235
0.24786289036273956
0.48457828164100647
0.4511963427066803
0.2852870523929596
0.32589641213417053
0.4429301619529724
0.4511617422103882
0.3384039103984833
0.4541720151901245
0.49261268973350525
0.44275689125061035
0.37818485498428345
0.3784237802028656
0.4941753149032593
0.45141950249671936
0.40451779961586
0.46698108315467834
0.4528767764568329
0.4848230183124542
0.4316190481185913
0.311005562543869
0.47817566990852356
0.43272340297698975
0.4466332197189331
0.35240161418914795
0.4859272539615631
0.468357652425766
0.49127650260925293
0.23726284503936768
0.3269459903240204
0.3428424298763275
0.4845121204853058
0.4690399169921875
0.4654709994792938
0.30994507670402527
0.45111319422721863
0.45081838965415955
0.35481324791908264
0.4783989489078522
0.48813197016716003
0.48425981402397156
0.43351536989212036
0.4862535297870636
0.48208704590797424
0.3919146656990051
0.3762432932853699
0.4508863389492035
0.3697928190231323
0.4069133400917053
0.39325591921806335
0.4985419809818268
0.4509480893611908
0.42412638664245605
0.44185519218444824
0.35841459035873413
0.42164796590805054
0.45236775279045105
0.44120660424232483
0.4026862680912018
0.4650445878505707
0.25244197249412537
0.4121635854244232
0.3848021328449249
0.4755041003227234
0.36951780319213867
0.4634154438972473
0.4486452341079712
0.35961049795150757
0.29371002316474915
0.24940170347690582
0.3594668507575989
0.4091920852661133
0.4334374964237213
0.21777138113975525
0.39620572328567505
0.48179638385772705
0.3206556439399719
0.46775174140930176
0.48164546489715576
0.46621406078338623
0.4350346028804779
0.43558263778686523
0.4806514084339142
0.3702431619167328
0.4278445839881897
0.4964645504951477
0.48342543840408325
0.46958449482917786
0.43640774488449097
0.41721513867378235
0.3131180703639984
0.34915226697921753
0.4405142068862915
0.49975132942199707
0.3256646692752838
0.28288206458091736
0.44696366786956787
0.44369441270828247
0.3247624635696411
0.4661981463432312
0.41346487402915955
0.327392578125
0.278606653213501
0.3035553991794586
0.38477274775505066
0.45157474279403687
0.42414137721061707
0.47626298666000366
0.40647152066230774
0.41300201416015625
0.36016711592674255
0.4673086404800415
0.3674316704273224
0.4519971013069153
0.4348432123661041
0.3909439742565155
0.4387785494327545
0.4738796055316925
0.3985423147678375
0.48591917753219604
0.3260601758956909
0.374321848154068
0.482636421918869
0.4182342290878296
0.40873008966445923
0.44388577342033386
0.38232624530792236
0.29937711358070374
0.40620580315589905
0.48148366808891296
0.43288135528564453
0.3372674286365509
0.4331197142601013
0.4058510661125183
0.45469969511032104
0.318625271320343
0.3207096457481384
0.4011099338531494
0.29994329810142517
0.4503660500049591
0.4694361090660095
0.3217703104019165
0.4622672498226166
0.3739038407802582
0.22256572544574738
0.3864223062992096
0.3969665467739105
0.3526762127876282
0.3846827745437622
0.4358142912387848
0.482930451631546
0.33634698390960693
0.38677772879600525
0.34095320105552673
0.4710182547569275
0.4590442478656769
0.4908417761325836
0.41932281851768494
0.38584741950035095
0.35645896196365356
0.4506978392601013
0.32705754041671753
0.3715865910053253
0.47428134083747864
0.4295382499694824
0.3752698004245758
0.4072856903076172
0.3969804644584656
0.3771275579929352
0.46138665080070496
0.4745000898838043
0.45788705348968506
0.4376656115055084
0.30038145184516907
0.41629233956336975
0.34057480096817017
0.41402071714401245
0.3250102996826172
0.3911590874195099
0.3427201807498932
0.4340861737728119
0.37631794810295105
0.3632480204105377
0.2817234694957733
0.41476812958717346
0.4689914584159851
0.3886638879776001
0.485095739364624
0.48426324129104614
0.38907650113105774
0.435101717710495
0.4520592987537384
0.4584749639034271
0.36722058057785034
0.4777027368545532
0.1654312014579773
